250.7 305.5
248.7 309.8
247.7 314.4
248.5 318.9
251.2 322.7
255.3 325
259.9 325.7
264.5 324.9
268.4 322.5
271 318.6
272.7 314.2
272.6 309.6
269.6 306.2
265.1 304.8
260.5 304.3
255.8 304.1
251.1 304.1
246.4 304.1
241.8 303.9
237.1 303.6
232.4 303.1
227.8 302.3
223.4 300.9
219.4 298.4
217 294.4
216.6 289.8
217.3 285.1
219.5 281
222.8 277.8
226.5 274.9
230.4 272.3
234.3 269.7
238.2 267.2
242.2 264.7
246.1 262.1
250.1 259.6
254 257.1
257.9 254.5
261.8 251.9
265.7 249.4
269.7 246.8
273.6 244.2
277.5 241.6
281.4 239.1
285.3 236.5
289.2 234
293.2 231.4
297.1 228.9
301.1 226.5
305.2 224.1
309.3 221.9
313.6 220
318.1 218.9
322.8 218.4
327.5 218.3
332.1 218.4
336.8 219
341.1 220.7
344.2 224.2
345.9 228.5
347.1 233
348.2 237.6
349.1 242.2
349.8 246.8
350.4 251.5
350.9 256.1
351.3 260.8
351.7 265.4
352 270.1
352.3 274.8
352.5 279.5
352.6 284.2
352.7 288.8
352.8 293.5
352.8 298.2
352.8 302.9
352.8 307.6
352.7 312.2
352.6 316.9
352.4 321.6
352.1 326.3
351.7 331
351.3 335.6
350.7 340.3
350 344.9
349.4 349.5
348.7 354.2
348.1 358.8
347.6 363.5
347.1 368.1
346.7 372.8
346.4 377.5
346.3 382.1
346.2 386.8
346.1 391.5
345.7 396.2
344.9 400.8
343.9 405.4
342.3 409.8
340.2 413.9
337.5 417.7
334 420.9
330 423.3
325.6 424.9
321 425.7
316.3 425.9
311.7 425.8
307 425.6
302.3 425.1
297.7 424.3
293.2 423
289.1 420.9
285.6 417.7
283.5 413.6
284.1 409.1
287.4 405.9
291.8 404.3
296.3 402.9
300.8 401.6
305.4 400.7
310 400.2
314.7 400.6
319 402.3
322.5 405.4
325.2 409.2
327.3 413.4
329.1 417.7
330.2 422.3
330.3 426.9
329.2 431.5
327.2 435.7
324.6 439.6
321.7 443.2
318.4 446.6
314.9 449.7
311.1 452.4
306.9 454.5
302.4 455.8
297.8 455.9
293.3 454.6
289.2 452.3
285.6 449.3
282.7 445.6
279.4 446.9
276.2 450.3
271.8 451.5
267.7 449.3
264.4 446
261.4 442.4
258.3 438.9
255.1 435.5
252.2 431.8
249.7 427.8
247.3 423.8
244.7 419.9
241.7 416.3
238.4 413
234.7 410.1
230.8 407.6
226.8 405.1
222.9 402.5
219 399.8
215.3 397
211.8 393.9
208.4 390.7
205.3 387.2
202.4 383.5
199.7 379.7
197.3 375.7
195.1 371.5
193.2 367.2
191.6 362.9
190.2 358.4
189.1 353.8
188.2 349.2
187.6 344.6
187.1 339.9
186.9 335.3
186.7 330.6
186.6 325.9
186.5 321.2
186.5 316.5
186.5 311.8
186.5 307.2
186.5 302.5
186.4 297.8
184.7 294
180.8 296.5
177.1 299.4
173.4 302.3
169.6 305.1
165.8 307.8
161.9 310.4
157.9 312.8
153.7 314.8
149.2 316.3
144.6 316.9
139.9 316.9
135.2 316.7
130.6 315.9
126.1 314.5
121.9 312.5
118 309.9
114.6 306.8
111.5 303.2
109 299.3
106.8 295.1
105.1 290.8
103.7 286.3
102.9 281.7
102.8 277
102.7 272.3
102.9 267.6
103.5 263
104.7 258.5
106.5 254.1
108.6 250
111 246
114 242.3
118 240
122.6 239.4
127.3 239.9
131.8 240.9
136.4 242
140.9 243.2
145.4 244.6
149.9 246
154.3 247.6
158.7 249.2
163 251
167.3 252.8
171.5 254.8
175.8 256.8
180 258.8
184.3 260.6
188.8 262.1
193.3 263.3
197.9 264.1
202.6 264.5
207.2 264.6
211.9 264.3
216.6 263.7
221.1 262.6
225.6 261.1
229.9 259.3
234 257.2
238 254.7
241.9 252
245.5 249.1
248.9 245.9
252.2 242.6
255.3 239
258.3 235.4
261 231.6
263.6 227.7
266.1 223.8
268.4 219.7
270.6 215.6
272.7 211.4
274.6 207.1
276.4 202.8
278.1 198.4
279.6 194
281.1 189.5
282.4 185
283.6 180.5
284.6 175.9
285.6 171.3
286.5 166.7
287.2 162.1
287.8 157.5
288.3 152.8
288.6 148.1
288.8 143.5
288.9 138.8
288.8 134.1
288.6 129.4
288.4 124.7
288.1 120.1
287.8 115.4
287.5 110.7
287.1 106.1
286.8 101.4
286.3 96.7
285.8 92.1
285.2 87.4
284 82.9
282.7 86.1
282.7 90.7
282.4 95.4
282 100.1
281.4 104.7
280.7 109.4
280 114
279.1 118.6
278.2 123.2
277.3 127.8
276.3 132.3
275.2 136.9
274.1 141.4
272.9 146
271.6 150.5
270.3 155
269 159.5
267.5 163.9
266.1 168.4
264.5 172.8
262.9 177.2
261.2 181.6
259.4 185.9
257.5 190.2
255.6 194.4
253.5 198.6
251.2 202.7
248.8 206.7
246.3 210.6
243.4 214.4
240.5 218
237.6 221.7
234.7 225.4
231.7 229
228.7 232.6
225.6 236.1
222.3 239.4
218.9 242.6
215.2 245.5
211.1 247.8
206.7 249.4
202.1 249.7
197.5 248.8
193.2 247
189.3 244.4
185.9 241.2
182.9 237.6
180.5 233.6
178.6 229.3
177.2 224.8
176.4 220.2
176.4 215.5
176.8 210.9
177.9 206.3
179.5 201.9
181.8 197.8
184.7 194.2
188.2 191.1
192.2 188.5
196.4 186.5
200.8 184.9
205.3 183.7
209.9 182.8
214.5 182.2
219.2 181.8
223.9 181.7
228.6 181.7
233.2 181.8
237.9 182.1
242.6 182.5
247.2 183.1
251.9 183.7
256.5 184.3
261.1 185.1
265.7 185.9
270.3 186.8
274.9 187.7
279.5 188.6
284.2 189.4
288.8 190.1
293.4 190.8
298.1 191.4
302.7 191.9
307.4 192.3
312 192.7
316.7 192.9
321.4 192.9
326.1 192.8
330.8 192.5
335.4 191.9
340 191.1
344.6 190
349 188.5
353.3 186.6
357.3 184.2
361.1 181.5
364.6 178.3
367.7 174.9
370.5 171.1
373.1 167.2
375.4 163.1
377.6 159
379.6 154.7
381.3 150.4
383 146
384.5 141.6
385.9 137.1
387.2 132.6
388.4 128.1
389.4 123.5
390.3 118.9
391 114.3
391.5 109.6
391.8 105
391.8 100.3
391.8 95.6
391.7 90.9
391.6 86.2
391.5 81.6
391.4 76.9
391.2 72.2
391 67.5
390.9 62.8
390.8 58.2
392.5 58
394.2 62.4
395.7 66.8
397.2 71.2
398.7 75.7
400.2 80.1
401.6 84.6
403 89.1
404.2 93.6
405.4 98.1
406.4 102.7
407.2 107.3
407.9 111.9
408.4 116.6
408.8 121.2
409 125.9
409.2 130.6
409.3 135.3
409.2 140
409 144.6
408.5 149.3
407.7 153.9
406.7 158.5
405.3 162.9
403.6 167.3
401.8 171.6
399.6 175.8
397.4 179.9
395 183.9
392.6 187.9
389.6 191.5
386.2 194.8
382.6 197.8
378.9 200.6
375 203.3
371.1 205.8
367.1 208.2
363 210.5
358.8 212.7
354.6 214.8
350.4 216.7
346 218.4