214.5 421.8
214.4 417.2
214.1 412.5
213.7 407.9
213.3 403.3
212.9 398.6
212.3 394
211.8 389.4
211.2 384.8
210.6 380.1
209.9 375.5
209.3 370.9
208.6 366.3
207.9 361.7
207.2 357.1
206.5 352.5
205.8 347.9
205.1 343.3
204.5 338.7
203.8 334.1
203.2 329.5
202.6 324.8
202 320.2
201.5 315.6
201 311
200.6 306.3
200.2 301.7
199.9 297
199.7 292.4
199.6 287.7
199.6 283.1
199.7 278.4
200 273.8
200.5 269.1
201.3 264.5
202.3 260
203.7 255.5
205.5 251.3
208 247.3
210.8 243.6
213.9 240.1
217.3 237
220.9 234.1
224.9 231.6
229 229.4
233.4 227.8
237.9 226.9
242.6 226.8
247.1 227.8
251.2 230
254.5 233.2
257.1 237.1
258.9 241.4
260.1 245.9
260.9 250.5
261.4 255.1
261.5 259.8
261.4 264.4
260.9 269
259.8 273.6
258.6 278
257 282.4
255.1 286.7
252.7 290.7
249.8 294.3
246.3 297.3
242.2 299.7
237.9 301.2
233.3 302
228.6 302.2
224 301.9
219.6 300.4
216.2 297.2
214.1 293.1
212.9 288.6
212.2 284
211.8 279.3
211.6 274.7
211.9 270
212.8 265.5
214.4 261.1
216.7 257.1
219.6 253.5
223 250.3
226.8 247.6
230.9 245.3
235.1 243.3
239.4 241.7
243.9 240.3
248.4 239
252.9 238
257.5 237
262 236.2
266.6 235.5
271.3 234.9
275.9 234.3
280.5 233.7
285.1 233.1
289.7 232.6
294.4 232
299 231.3
303.5 230.5
308.2 229.9
312.8 230
317.4 230.5
322 231.6
326.3 233.1
330.5 235.3
334.3 237.9
337.8 241
340.9 244.4
343.7 248.2
346.2 252.1
348.4 256.2
350.4 260.4
352.2 264.7
353.8 269.1
355.3 273.5
356.7 277.9
358 282.4
359.3 286.9
360.6 291.4
361.9 295.8
363.3 300.3
364.9 304.6
366.8 308.9
368.7 313.1
370.8 317.3
372.9 321.4
375.2 325.5
377.5 329.6
379.8 333.6
382.2 337.6
384.6 341.6
387 345.6
389.3 349.6
391.6 353.7
393.8 357.8
395.8 362
397.5 366.3
398.8 370.8
399.6 375.4
399.9 380
400.4 384.7
400.9 389.3
401.4 393.9
401.8 398.6
402.1 403.2
402.2 407.9
402 412.5
401.3 417.1
399.8 421.5
397.1 425.3
393.5 428.2
389.5 430.7
385.4 432.7
381.2 434.7
377.1 437
373.7 440.1
372.3 444.5
371.9 449.1
373.6 453.3
377.6 455.4
382.3 456
386.9 455.8
391.6 455.6
396.2 455.1
400.6 453.6
404.3 450.8
406.8 446.9
408.4 442.6
409.2 438
409.7 433.3
410 428.7
410.4 424.1
410.9 419.4
413.3 415.6
415.4 411.4
416.3 406.9
416.7 402.2
416.9 397.6
417 392.9
417.9 388.3
419.2 383.9
420.5 379.4
421.6 374.9
422.2 370.3
422.2 365.6
421.4 361
419.1 357.3
415.5 354.4
412.3 351
409.7 347.1
407.6 343
406 338.6
404.8 334.1
403.9 329.6
403.2 324.9
402.8 320.3
402.6 315.7
402.4 311
402.4 306.3
402.4 301.7
402.5 297
402.6 292.4
402.7 287.7
402.8 283.1
402.9 278.4
402.9 273.8
402.9 269.1
402.8 264.4
402.7 259.8
402.4 255.1
401.9 250.5
401.3 245.9
400.5 241.3
399.5 236.8
398.2 232.3
396.7 227.9
394.8 223.6
392.6 219.5
390.1 215.6
387.3 211.9
384.7 208
382.5 203.9
380.6 199.7
379.1 195.3
378.1 190.7
377.5 186.1
377.1 181.5
376.7 176.8
376.1 172.2
375.2 167.6
373.7 163.2
371.7 159
369.2 155.1
366.2 151.5
363.1 148.1
359.9 144.7
356.6 141.4
353.1 138.3
349.2 135.8
345 133.9
340.4 133
335.8 132.9
331.2 133.6
326.7 134.7
322.3 136.3
317.9 137.9
313.5 139.6
309.2 141.3
304.9 142.9
300.2 143.2
295.6 142.6
291.2 141.2
288.2 137.8
286.6 133.4
283.7 129.9
279.7 127.5
275.2 126.4
270.5 126.3
266 127.2
261.6 128.8
257.4 130.9
253.5 133.3
249.8 136.1
246.2 139.2
242.9 142.4
239.8 145.9
236.9 149.5
234.5 153.5
232.4 157.7
230.4 161.9
228.5 166.1
226.6 170.4
224.8 174.7
222.9 178.9
221.1 183.2
219.2 187.5
217.3 191.8
215.4 196
213.5 200.2
211.6 204.5
209.6 208.7
207.5 212.9
205.4 217
203.2 221.1
201 225.2
198.6 229.2
196 233.1
193.2 236.8
189.9 240.1
186.1 242.8
182.2 245.3
178.1 247.5
173.8 249.4
169.3 250.6
164.7 251
160.1 250.5
155.6 249.1
151.5 247
147.7 244.3
144.2 241.2
141.1 237.8
138.4 234
136.1 230
134.2 225.7
132.8 221.3
131.8 216.7
131.1 212.1
130.8 207.5
130.8 202.8
131 198.2
131.4 193.5
132 188.9
132.8 184.3
133.7 179.8
134.7 175.2
135.8 170.7
136.9 166.2
138.2 161.7
139.5 157.2
140.8 152.7
142.1 148.3
143.4 143.8
144.7 139.3
146 134.9
147.1 130.3
148 125.8
148.7 121.2
148.9 116.5
147.9 112
145.1 108.3
140.9 106.5
136.3 106.3
131.6 106.9
127.1 108
122.7 109.4
118.2 110.8
113.8 112.2
109.3 113.6
104.8 114.7
100.2 115.3
95.6 114.8
91.8 112.2
90.1 107.9
89.7 103.3
90.4 98.7
92.2 94.4
94.8 90.5
98 87.1
101.6 84.2
105.5 81.6
109.6 79.4
113.8 77.5
118.2 75.8
122.6 74.4
127.1 73.3
131.7 72.3
136.3 71.6
140.9 71.2
145.6 71
150.2 71.2
154.8 71.9
158.7 69.8
161 65.7
162.2 61.3
161.5 56.8
157.4 57.1
154.4 60.7
153.3 65.2
153.8 69.8
155.5 74.1
159.1 76.2
163 73.7
165.2 77.3
163.6 81.7
161.2 85.6
158.1 89.1