159 285.1
153.8 282.7
149.1 279.6
144.1 277.1
138.5 275.9
133 274.5
127.5 273.1
121.9 272.3
116.2 272.4
110.6 272.7
104.9 272.8
99.2 272.7
93.6 272.2
88 271.2
82.5 269.9
77.1 268.2
71.8 266
66.8 263.3
62.4 259.8
59.4 255
58.9 249.5
62.2 245
67.2 242.5
72.6 240.7
78 238.8
83.3 236.7
88.6 234.9
94.1 233.4
99.5 231.7
97.5 229.8
91.9 229.1
86.2 228.4
80.6 227.5
75.1 226.3
69.6 224.7
64.5 222.4
59.9 219.1
56.7 214.4
56.5 208.9
60.6 205
65.7 202.7
71.1 201
76.6 199.7
82.2 198.7
87.8 197.8
93.5 197.1
99.1 196.6
104.8 196.2
110.5 196
116.1 195.9
118.3 193.2
113.7 190
108.9 187
104.1 183.8
99.6 180.4
95.5 176.5
91.7 172.3
88.5 167.6
86 162.5
84.7 157
84.9 151.3
88.3 147.1
93.8 147.6
99.3 149.3
104.6 151.3
109.8 153.6
114.9 156
119.9 158.7
124.9 161.5
129.7 164.4
134.6 167.4
139.3 170.5
144 173.7
148.6 177
153.1 180.4
157.7 183.8
162.1 187.4
166.5 191
170.8 194.7
174.9 198.5
179 202.5
183 206.5
186.9 210.6
190.7 214.9
194.3 219.3
197.6 223.9
200.6 228.7
204.2 233
208.8 236.4
213.8 239
219.2 240.9
224.6 242.4
230.2 243.2
235.9 244
241.3 245.7
246.7 247.4
252.2 248.7
257.8 248.2
263.2 246.4
268.3 243.9
272.5 240.2
269.9 235.3
265.2 232.2
260.2 229.5
255.1 227
250.1 224.4
245.2 221.4
240.9 217.7
238.7 212.7
242.4 208.7
247.7 206.8
253.2 205.2
251.7 201.9
246.3 200
240.8 198.5
235.4 197
230.1 194.9
225.1 192.3
220.4 189
216.7 184.8
215.9 179.4
219.5 175
224.4 172.2
229.7 170.1
235.1 168.4
240.5 166.6
245.4 164
242.8 159.5
238.2 156.2
233.3 153.2
228.5 150.3
223.7 147.3
219.1 143.9
214.8 140.2
211 136
208.7 130.9
211.3 126.3
216.7 124.4
222.3 123.7
228 123.6
233.6 123.7
239.3 123.8
245 123.8
250.7 123.8
256.3 123.7
262 123.3
266.1 120.3
262.6 115.9
258.2 112.3
253.7 108.9
249.2 105.5
244.7 102
240.2 98.5
235.8 94.9
231.5 91.3
227.2 87.5
223 83.8
219 79.7
215.4 75.3
212.3 70.5
210.6 65.2
212.8 60.2
218 58
223.6 57.5
229.3 57.7
234.9 58.3
240.5 59.3
246 60.6
251.5 62.1
256.9 63.8
262.3 65.7
267.6 67.7
272.8 69.8
278.1 72.1
283.2 74.4
288.3 76.9
293.4 79.4
298.5 82
303.5 84.7
308.4 87.5
313.3 90.4
318.1 93.3
322.5 96.9
326.6 100.8
330.7 104.8
334.6 108.9
338.5 113.1
342.2 117.3
345.9 121.6
349.5 126
353 130.5
356.5 135
359.8 139.6
363.1 144.2
366.4 148.9
369.5 153.6
372.6 158.3
375.6 163.2
378.5 168
381.3 173
384 177.9
386.7 183
389.2 188
391.6 193.2
394 198.3
396.1 203.6
398.2 208.9
400 214.2
401.7 219.7
403.2 225.1
404.5 230.7
405.4 236.3
406 241.9
406.3 247.6
405.4 253.1
400.9 256.5
395.6 258.5
390 259.4
384.5 259.9
388.9 263.2
393.9 265.7
399.1 268.1
404.3 270.4
409.5 272.6
414.9 274.5
420.4 275.9
425.9 277
431.6 277.8
437.1 279
442 281.8
446 285.8
449.1 290.5
450.2 296.1
449.8 301.7
453.7 305.5
453.7 307.9
448.2 306.7
442.6 305.4
437 304.6
431.4 304.8
425.9 306.2
420.8 308.7
416 311.7
411.2 314.8
406.1 317.2
400.7 318.9
395.1 319.9
389.4 320.3
383.9 319
379 316.3
374.3 313
370.2 309.2
366.3 305
362.2 301.1
360 299.1
364.9 301.8
369.8 304.7
374.3 308.2
378.4 312.1
382 316.5
385.1 321.3
387.5 326.4
388.9 331.9
388.9 337.6
388 343.1
386.2 348.5
383.6 353.6
380.2 358.1
376.9 362.7
373.6 367.3
370 371.7
365.9 375.6
361.4 379.1
356.6 382.2
351.8 385.1
346.8 387.9
341.7 390.4
336.7 392.9
331.6 395.5
326.5 398.1
321.5 400.7
316.4 403.3
311.4 405.8
306.3 408.3
301.2 410.9
296.1 413.4
291 415.9
285.9 418.3
280.8 420.7
275.6 423.1
270.4 425.4
265.2 427.7
260 429.9
254.7 432.1
249.4 434.1
244.1 435.9
238.7 437.7
233.3 439.4
227.8 441
222.4 442.6
216.9 444.1
211.4 445.5
205.9 446.8
200.3 448.1
194.8 449.3
189.2 450.4
183.7 451.4
178.1 452.3
172.4 453.2
166.8 453.8
161.1 454.3
155.5 454.5
149.8 454.4
144.1 454
138.5 453.6
132.8 453
127.2 452.3
121.6 451.6
116 450.7
110.4 449.7
104.8 448.5
99.3 447.2
93.9 445.6
88.5 443.8
83.3 441.5
78.5 438.4
75.1 434
76 428.7
79.9 424.6
84.4 421.1
89.2 418.1
94.1 415.3
99.2 412.7
104.3 410.3
109.5 408
114.8 405.9
120.1 404
125.5 402.2
130.9 400.4
136.3 398.7
141.7 396.9
147.1 395.2
152.5 393.3
157.5 390.8
152.8 388.8
147.2 387.9
141.6 387
136 386.1
130.4 385
124.8 383.9
119.3 382.7
113.8 381.3
108.4 379.7
103 377.7
98.1 375
96.7 370.1
101.4 367
106.7 365
112.2 363.5
117.7 362.2
123.3 361.1
128.9 360.1
134.5 359.2
140.1 358.4
145.7 357.5
151.3 356.7
156.9 356
162.6 355.2
168.2 354.5
173.8 353.7
178.4 351.8
173.3 349.4
168.1 347.1
163 344.5
158.3 341.4
154.2 337.5
151.7 332.4
151.7 326.8
154.3 321.8
158.2 317.7
162.7 314.3
167.7 311.6
172.9 309.2
178.1 307
183.5 305.2
188.9 303.7
194.5 302.8
200.2 302.4
205.9 302.6
211.5 303.1