115.5 105.4
112.4 109
109.2 112.5
105.9 116
102.6 119.4
99.2 122.7
95.7 125.9
92.1 129
88.3 131.9
84.4 134.5
80.3 136.9
76 138.9
71.7 140.8
67.3 142.6
62.9 144.6
59.2 147.4
59.5 151.8
62.3 155.6
62.6 160.2
59.1 162.3
56.2 158.7
58.5 155.3
63.1 155.5
65.3 159.4
63.5 163.7
62.3 168.2
63.2 171.7
67.1 169.1
70.8 166.1
74.4 163.1
78 160
81.7 157
85.4 154
89.1 151.6
86 155.1
82.7 158.6
79.3 161.9
75.9 165.2
72.5 168.4
68.9 171.6
70.3 172.9
75 172.9
79.7 172.6
83.1 169.5
85.6 165.4
88 161.3
92 159
96.7 159
101.4 159.5
106.1 160.2
110.8 160.7
115.6 161
120.3 161.1
125 160.8
129.7 160
134.3 158.7
138.6 156.7
142.4 153.9
145.6 150.4
148.2 146.5
150.2 142.2
151.6 137.6
152.2 132.9
151.8 128.2
149.4 124.2
145.1 122.5
140.4 123.3
136.1 125.2
132.1 127.7
128.4 130.8
125.7 134.6
125.8 139.2
129.5 142
134.1 141.6
137.7 138.6
139.5 134.2
140 129.5
138.7 125
135.3 121.8
130.8 120.3
126.1 119.9
121.3 119.8
116.6 120.1
112 121.2
108 123.7
105.5 127.7
106.5 132
110.5 134.6
115.2 135.1
119.2 133
120.9 128.6
121.9 123.9
122.9 119.3
124.1 114.7
125.9 110.3
128.4 106.3
131.7 102.9
135.3 99.8
138.8 96.6
141.4 92.6
142.5 88.1
142.6 83.3
142.3 78.6
141.8 73.9
144.9 76.7
147.9 80.4
150.3 84.4
150 89.1
149.4 93.8
148.9 98.5
152.3 98.5
155.9 95.4
159.6 92.4
163.3 91.5
161.8 95.9
159.7 100.2
159.3 103.7
163.5 101.5
167.6 99.1
171.7 96.7
173.5 99.7
173.1 104.4
173.9 107.5
178 105.2
182.2 103
186.6 101.2
190.1 102.6
188.1 106.9
187.1 110.9
191.7 109.8
196.2 108.3
200.9 107.6
202.7 110.9
200.2 114.9
197.7 118.2
202.3 117
207.1 116.9
211.7 117.6
213.8 121.2
211.2 125.1
207.9 128.5
204.9 132.2
208.3 134.8
213 135.4
217.7 135.7
222.4 136.3
227 137.4
231.3 139.3
233 143.4
229.9 146.9
229.9 148.8
234.6 148.3
239.4 148.4
244 149.6
247.7 152.5
249.3 156.8
248.7 161.5
248.5 166
253.2 165.9
257.9 165.6
261.1 168.6
261 173.3
260.7 178
257.4 181.4
254 184.6
257.4 187.5
261.7 189.5
265.9 191.7
269.7 194.5
269.6 198.7
265.9 201.7
265.8 203.3
270.4 204.4
274.8 206.2
278.3 209.3
279.8 213.8
282.6 217.5
286.9 219.4
291.6 220.3
296.3 220.9
301 221.1
305.8 221.1
310.5 221.1
315.3 220.9
320 220.7
324.8 220.3
329.5 219.9
334.2 219.4
338.9 218.8
343.6 218.2
348.3 217.4
353 216.5
357.6 215.6
362.3 214.6
366.9 213.5
371.5 212.4
376.1 211.3
380.7 210.2
385.4 209.2
390.1 208.4
394.8 207.9
399.5 207.6
404.2 207.6
409 207.9
413.7 208.4
418.4 209.1
423 210.1
427.6 211.5
432 213.2
436.2 215.3
440.2 217.9
443.9 220.9
447.2 224.3
450 228.2
452.2 232.4
453.9 236.8
455 241.4
455.7 246.1
456 250.8
455.9 255.6
455.6 260.3
455 265
454.2 269.7
453.2 274.3
451.8 278.9
450.2 283.3
448.3 287.7
446 291.8
443.5 295.8
440.6 299.6
437.5 303.2
434.2 306.6
431 310.1
427.9 313.7
424.8 317.3
421.9 321.1
419.1 324.9
416.4 328.8
413.8 332.8
411.5 336.9
409.5 341.2
407.8 345.7
406.8 350.3
406.9 355
408.8 359.3
412.4 362.4
415.8 360.4
415.3 355.8
412.2 352.5
408.3 354.9
406.4 359.2
405.1 363.8
403.8 368.4
402.7 373
401.6 377.6
400.5 382.2
399.5 386.8
398.6 391.5
397.7 396.2
397 400.8
396.4 405.6
396.1 410.3
396.2 415
396.3 419.8
393.7 423.5
389.7 426.1
385.6 428.5
381.5 431
378.1 434.2
379.7 438.2
384 437
386.4 433
387.5 428.4
388 423.6
388.2 418.9
388.2 414.1
388.2 409.4
388.2 404.6
388.2 399.9
388.4 395.2
388.9 390.4
389.5 385.7
390 381
390.4 376.3
390.6 371.5
390.8 366.8
390.9 362.1
391 357.3
391 352.6
391 347.8
390.9 343.1
390.9 338.3
390.8 333.6
390.8 328.8
390.8 324.1
390.8 319.3
390.7 314.6
390.7 309.8
390.7 305.1
390.8 300.4
390.8 295.6
390.8 290.9
390.9 286.1
390.9 281.4
391 276.6
391.1 271.9
391.4 267.2
394.2 263.4
398.7 263.1
400.3 267.3
398.5 271.7
395.7 275.5
392.5 279
389 282.2
385.5 285.4
381.8 288.4
378 291.3
374.2 294.1
370.3 296.7
366.3 299.3
362.3 301.8
358.2 304.2
354 306.5
349.8 308.7
345.5 310.7
341.2 312.7
336.8 314.5
332.3 316.2
327.9 317.7
323.3 319.2
318.8 320.5
314.2 321.6
309.5 322.6
304.9 323.4
300.2 324.1
295.4 324.6
290.7 325
286 325.1
281.2 325.1
276.5 324.9
271.7 324.6
267 324.1
262.3 323.6
257.6 322.8
252.9 322
248.3 320.9
243.7 319.8
239.1 318.5
234.6 317
230.2 315.4
225.8 313.7
221.4 311.7
217.1 309.7
212.9 307.4
208.9 305.1
204.9 302.5
201 299.7
197.2 296.8
193.7 293.7
190.3 290.4
187.1 286.9
184.1 283.2
181.4 279.3
179 275.2
177.1 270.9
175.5 266.4
174.5 261.7
174.1 257
174.2 252.3
174.5 247.5
175.1 242.8
176.1 238.2
177.5 233.7
179.5 229.3
182.1 225.4
185.4 222
189.3 219.3
193.7 217.5
198.4 216.7
203.1 216.7
207.7 217.9
211.3 220.9
213.5 225.1
214.5 229.7
214.7 234.5
214.5 239.2
214.1 243.9
213.5 248.6
212.7 253.3
211.7 258
210.6 262.6
209.3 267.1
207.8 271.6
206.1 276.1
204.3 280.5
202.2 284.7
200 288.9
197.7 293.1
195.3 297.2
192.9 301.3
190.4 305.3
187.7 309.2
184.6 312.8
181.1 316
177.6 319.2
174 322.3
170.5 325.5
167 328.7
163.6 332.1
160.4 335.5
157.2 339.1
154.2 342.7
151.5 346.6
149.2 350.7
147.4 355.2
146.8 359.9
146.5 364.6
146.5 369.3
146.8 374.1
147.4 378.8
148.5 383.4
149.9 387.9
151.6 392.4
153.5 396.7
155.4 401.1
157.4 405.4
159.6 409.6
162.5 413.3
166.7 415.2
171.5 415.2
176.2 415.8
180.2 418.1
181.4 422.4
180.5 427.1
176.6 427.5
173.3 424.2
170.7 420.2
170.2 415.5
169.5 410.9
167.6 406.5
165.3 402.4
162.8 398.4
160.1 394.4
157.4 390.5
154.7 386.6
152.1 382.7
149.4 378.7
146.9 374.7
144.5 370.6
142.3 366.4
140.5 362
139.8 357.4
140 352.6
140.6 347.9
141.9 343.4
144.1 339.2
147 335.4
150.2 331.9
153 328.1
155.6 324.1
157.9 319.9
160 315.7
161.9 311.3
163.6 306.9
164.9 302.3
165.7 297.7
165.7 292.9
165.1 288.2
164.1 283.6
163 279
161.8 274.4
160.7 269.7
159.8 265.1
159.2 260.4
158.9 255.7
158.9 250.9
159.2 246.2
159.8 241.5
160.7 236.8
162 232.2
163.7 227.8
165.5 223.4
167 218.9
168 214.3
168.3 209.5
168.2 204.8
167.9 200.1
167.4 195.3
166.5 190.7
165.2 186.1
163.4 181.7
161.2 177.5
158.7 173.5
156 169.6
153.3 165.7
150.4 161.9