94.8 197.3
90.4 197.4
86.1 197.7
81.8 198.4
77.5 199.4
73.4 200.9
69.4 202.5
65.3 204.1
61.1 205.3
57.5 203.7
56.4 199.5
56 195.1
56.2 190.8
56.8 186.5
57.9 182.2
59.3 178.1
60.9 174.1
62.9 170.2
65 166.4
67.4 162.7
69.9 159.1
72.6 155.7
75.4 152.4
78.4 149.2
81.4 146.1
84.6 143.1
87.6 140
88.2 135.8
87.2 131.5
86.8 127.2
86.9 122.8
87.5 118.5
88.5 114.2
89.9 110.1
91.6 106.1
93.5 102.2
95.8 98.5
98.4 94.9
101.2 91.6
104.3 88.6
107.7 85.8
111.3 83.4
115.2 81.4
119.3 79.9
123.5 78.8
127.9 78.4
132.2 78.4
136.5 79.1
140.7 80.4
144.5 82.5
148 85.2
150.9 88.3
153.4 91.9
155.4 95.8
157 99.9
158.2 104
159.1 108.3
159.6 112.7
159.7 117
159.2 121.3
158.1 125.6
156.6 129.6
154.6 133.5
152.1 137.1
149.2 140.4
145.7 142.9
141.7 144.6
137.3 145.1
136 146.8
140.1 148.3
144 150.1
147.9 152
151.8 154
155.7 156.1
159.4 158.3
163.2 160.5
166.9 162.8
170.6 165.2
174.2 167.6
177.7 170.1
181.2 172.7
184.7 175.4
188.1 178.2
191.4 181
194.7 183.9
197.9 186.8
201 189.8
204.1 192.9
207.1 196.1
210 199.3
212.9 202.6
215.7 206
218.4 209.4
221.1 212.9
223.6 216.4
226.1 220
228.5 223.6
230.9 227.3
233.2 231
235.4 234.7
237.5 238.5
239.6 242.4
241.6 246.3
243.5 250.2
245.4 254.1
247.2 258.1
248.9 262.1
250.6 266.1
252.2 270.2
253.8 274.2
255.3 278.3
256.7 282.5
258.1 286.6
259.5 290.7
260.8 294.9
262 299.1
263.3 303.3
264.4 307.5
265.6 311.7
266.7 315.9
267.8 320.1
268.8 324.4
269.8 328.6
270.8 332.8
271.8 337.1
272.8 341.4
273.7 345.6
274.6 349.9
275.5 354.1
276.4 358.4
277.3 362.7
278.2 366.9
279.2 371.2
280.1 375.5
281 379.7
282 384
282.7 388.3
283.2 392.6
285.1 396.2
289.4 396
293.7 395.1
297.9 394.3
302.2 393.3
306.4 392.2
310.6 390.9
314.7 389.5
318.8 387.9
322.7 386.1
326.6 384.2
330.5 382.1
334.2 379.8
337.8 377.4
341.3 374.8
344.7 372
348 369.2
351.1 366.1
354.2 363
357 359.7
359.7 356.3
362.3 352.7
364.6 349
366.7 345.2
368.9 341.5
371.1 337.7
373.2 333.9
375.3 330
377.3 326.2
379.2 322.3
381.1 318.3
382.9 314.3
384.5 310.3
386.1 306.2
387.5 302.1
388.8 297.9
390 293.7
391.1 289.5
392 285.2
392.8 281
393.5 276.6
394.1 272.3
394.5 268
394.8 263.6
395 259.3
395.1 254.9
395 250.6
394.8 246.2
394.3 241.9
393.8 237.5
393 233.2
392.1 229
391 224.7
389.7 220.6
388.3 216.5
386.7 212.4
384.9 208.4
383 204.5
380.9 200.7
378.7 196.9
376.3 193.3
373.7 189.7
371 186.3
368.2 183
365.2 179.8
362.1 176.8
358.8 173.9
355.4 171.2
351.8 168.7
348.1 166.3
344.3 164.2
340.4 162.3
336.3 160.8
332.1 159.6
327.8 158.8
323.5 158.5
319.2 159.1
315.1 160.7
311.4 162.9
308 165.6
305 168.8
302.3 172.2
299.9 175.9
297.7 179.7
295.9 183.6
294.2 187.7
292.9 191.8
291.7 196
290.8 200.3
290.2 204.6
289.8 208.9
289.7 213.3
290 217.6
290.7 221.9
291.8 226.2
293.2 230.3
295.1 234.2
297.3 238
300.1 241.3
303.6 243.9
307.8 244.2
311.9 242.8
316.1 241.5
316.9 242.7
313.2 245
309.4 247.1
305.5 249.1
301.7 251.2
297.8 253.2
293.8 254.9
289.5 255.8
285.2 255.6
281 254.3
277.3 252.1
273.8 249.4
270.7 246.4
268 243
265.8 239.2
264 235.3
262.5 231.2
261.3 226.9
260.4 222.7
259.8 218.4
259.4 214
259.1 209.7
259.1 205.3
259.3 201
259.7 196.6
260.2 192.3
260.9 188
261.8 183.7
262.9 179.5
264.1 175.3
265.5 171.2
267.1 167.1
268.9 163.1
270.8 159.2
272.9 155.4
275.2 151.7
277.7 148.1
280.3 144.6
283.2 141.3
286.2 138.1
289.3 135.1
292.7 132.3
296.1 129.7
299.8 127.2
303.5 125
307.4 123
311.4 121.2
315.4 119.6
319.6 118.2
323.8 117.1
328 116.1
332.3 115.4
336.6 114.8
341 114.4
345.3 114.3
349.7 114.2
354.1 114.4
358.4 114.7
362.7 115.2
367.1 115.9
371.3 116.8
375.5 118
379.7 119.3
383.7 120.9
387.7 122.8
391.5 124.9
395.2 127.1
398.8 129.7
402.2 132.4
405.5 135.2
408.6 138.3
411.6 141.5
414.4 144.8
417 148.3
419.6 151.8
422 155.5
424.3 159.2
426.5 162.9
428.6 166.7
430.7 170.6
432.7 174.5
434.6 178.4
436.5 182.3
438.4 186.3
440.2 190.2
441.9 194.2
443.5 198.3
445 202.4
446.5 206.5
447.9 210.6
449.1 214.8
450.3 219
451.4 223.2
452.4 227.5
453.2 231.7
454 236
454.6 240.4
455.2 244.7
455.6 249
455.8 253.4
456 257.7
456 262.1
455.9 266.5
455.6 270.8
455.2 275.2
454.7 279.5
454.1 283.8
453.3 288.1
452.4 292.4
451.3 296.6
450.1 300.8
448.8 305
447.4 309.1
445.8 313.1
444.1 317.2
442.3 321.1
440.4 325.1
438.4 328.9
436.2 332.7
434 336.5
431.7 340.2
429.3 343.8
426.8 347.4
424.2 350.9
421.5 354.3
418.7 357.7
415.9 361
413 364.3
410.1 367.5
407.1 370.7
404 373.8
400.8 376.8
397.6 379.8
394.4 382.7
391.1 385.5
387.8 388.3
384.4 391.1
381 393.8
377.5 396.5
374 399.1
370.5 401.6
366.9 404.1
363.2 406.5
359.5 408.8
355.8 411
352 413.1
348.1 415.1
344.2 417.1
340.2 418.9
336.2 420.6
332.1 422.2
328 423.6
323.9 425
319.7 426.2
315.5 427.4
311.2 428.4
307 429.3
302.7 430.1
298.4 430.8
294.1 431.5
289.7 432
285.4 432.5
281 432.9
276.7 433.2
272.3 433.4
268 433.5
263.6 433.6
259.3 433.7
254.9 433.7
250.5 433.6
246.2 433.5
241.8 433.4
237.5 433.3
233.1 433.1
228.7 433
224.4 432.8
220 432.7
215.7 432.5
211.3 432.3
206.9 432.1
202.6 431.9
198.2 431.7
193.9 431.5
189.5 431.3
185.2 431.1
180.8 430.9
176.4 430.6
172.1 430.3
167.7 430
163.4 429.7
159.1 429.2
154.7 428.8
150.4 428.5
146.4 426.9
147.4 422.8
149.7 419.1
152.3 415.6
154.9 412.1
157.5 408.7
160.2 405.2
162.9 401.8
165.6 398.3
168.2 394.9
170.9 391.4
173.6 388
176.2 384.5
178.9 381
181.5 377.6