350 250
347.64 260.96
340.67 268.68
329.43 273.26
314.42 274.97
296.35 274.23
276.04 271.59
254.37 267.68
232.29 263.14
210.71 258.61
190.45 254.65
172.25 251.74
156.67 250.2
144.12 250.2
134.77 251.74
128.65 254.65
125.55 258.61
125.13 263.14
126.89 267.68
130.24 271.59
134.55 274.23
139.16 274.97
143.47 273.26
146.96 268.68
149.22 260.96
150 250
149.22 235.9
146.96 218.95
143.47 199.64
139.16 178.62
134.55 156.67
130.24 134.68
126.89 113.58
125.13 94.28
125.55 77.65
128.65 64.44
134.77 55.28
144.12 50.59
156.67 50.59
172.25 55.28
190.45 64.44
210.71 77.65
232.29 94.28
254.37 113.58
276.04 134.68
296.35 156.67
314.42 178.62
329.43 199.64
340.67 218.95
347.64 235.9
350 250