313.1 249.9
311.4 246.6
311.8 242.8
312.8 239.2
313.8 235.6
314.7 231.9
315.3 228.2
315.6 224.5
315.7 220.7
315.6 216.9
315.4 213.2
315 209.4
314.4 205.7
313.7 202
312.7 198.4
311.5 194.8
310.2 191.3
308.6 187.9
306.9 184.5
304.9 181.3
302.8 178.2
300.6 175.2
298.2 172.2
295.7 169.4
293.2 166.6
290.6 163.9
288 161.2
285.4 158.4
282.8 155.7
280.3 152.9
277.8 150.1
275.5 147.1
273.3 144
271.4 140.8
269.6 137.5
268.1 134
266.9 130.5
266 126.8
265.3 123.1
265 119.4
264.8 115.6
264.9 111.8
265 108.1
264.9 104.3
264.6 100.6
264.1 96.8
263.3 93.2
262.2 89.6
260.7 86.1
258.7 82.9
256.2 80.2
253 78.1
249.5 76.9
245.7 76.7
242 77.4
238.3 77.6
234.7 76.6
231.2 75.2
227.5 74.7
223.8 75.2
220.2 76.4
216.8 78
213.5 79.8
210.3 81.8
207.2 84
204.2 86.2
201.2 88.5
198.2 90.8
195.2 93
192 95.1
188.6 96.6
184.9 96.1
181.4 94.7
181.6 92.1
185 90.6
187.5 87.9
187.7 84.2
189.8 81.6
193.6 81.3
197.3 80.7
200.9 79.5
204.3 78
207.7 76.3
210.9 74.4
214.1 72.4
217.3 70.4
220.5 68.3
223.7 66.4
226.9 64.4
230.2 62.6
233.6 60.9
237 59.4
240.6 58.1
244.2 57.1
247.9 56.4
251.6 56
255.4 56.1
259.1 56.4
262.8 57.1
266.4 58.3
269.8 59.9
273 61.9
275.9 64.3
278.4 67.1
280.6 70.2
282.5 73.4
284 76.9
285.3 80.4
286.2 84.1
286.8 87.8
287.4 91.5
288 95.2
288.7 98.9
289.6 102.6
290.7 106.2
292 109.7
293.7 113.1
295.7 116.3
297.7 119.5
298.4 123.1
297.9 126.8
297.1 130.5
296.2 134.2
295.2 137.8
294.4 141.5
293.7 145.2
293.3 148.9
293.4 152.7
294.3 156.3
296.3 159.5
299.4 161.5
303.1 162.3
306.8 162.3
310.6 161.9
314.2 160.9
317.2 158.7
318.7 155.3
318.9 151.6
318.2 147.9
316.2 144.7
313.4 142.3
310.1 140.5
306.6 139.2
302.9 138.3
299.2 137.7
295.4 137.5
291.7 137.5
287.9 137.6
284.1 137.6
280.4 137.6
276.6 137.5
272.9 137.1
269.2 136.3
265.6 135.2
262.2 133.5
259.1 131.4
256.4 128.8
254.1 125.8
252.2 122.6
250.6 119.2
249 115.7
247.2 112.4
244.4 110.1
241.4 112.2
239.3 115.4
237 118
234.8 115
232.1 112.4
229 114.2
226.2 116.6
222.6 116.2
219.6 118.4
216.4 120.4
213.1 122.2
212.8 125.9
213.5 129.6
215 133.1
217.3 136.1
220.3 138.3
223.8 139.7
227.5 140.4
231.2 140.2
234.9 139.7
238.7 139.3
242.4 138.9
246.2 138.5
249.9 138.2
253.7 138.5
257.2 139.6
260.5 141.5
263.3 144
265.4 147.1
266.6 150.7
266.8 154.4
266.4 158.2
265.4 161.8
263.8 165.2
261.4 168.1
258.6 170.6
255.5 172.7
252.2 174.5
248.8 176.2
245.3 177.6
241.7 178.7
238 179.4
234.3 179.6
230.5 180
226.9 181
223.4 182.5
220.1 184.3
216.9 186.2
213.8 188.3
210.6 190.3
207.3 192.3
204.2 194.3
201.1 196.4
198.1 198.7
195.2 201.2
192.6 203.9
190.2 206.7
187.9 209.7
185.7 212.8
183 215.5
180.2 217.9
177.2 220.1
174 222.2
170.8 224.2
167.5 226
164.1 227.6
160.7 229.2
157.2 230.6
153.6 231.9
150 232.9
146.3 233.5
142.7 232.9
142.8 232
146.5 232.8
150.1 231.9
149.7 228.9
151.5 226.2
154.5 224
158.1 223.1
161.8 222.5
165.4 221.2
168.4 219.1
170.8 216.2
172.8 213
174.3 209.5
175.3 205.9
176.3 202.3
177.7 198.8
179.8 195.7
182.7 193.3
185.4 190.8
187.2 187.4
189.1 184.2
191.4 181.2
194.1 178.6
197.1 176.3
200.3 174.4
203.6 172.6
207 171
210.6 169.8
214.2 168.8
217.8 167.7
221.4 166.4
224.8 164.9
228.1 163
230.9 160.5
233.7 158
236.6 155.6
239.7 153.5
242.9 151.6
246.3 149.9
249.9 148.8
253.6 148.6
257.4 148.9
261.1 149.8
264.4 151.4
267.1 154
268.9 157.3
269.8 161
269.9 164.7
269.6 168.5
269.6 172.3
269.8 176
270.5 179.7
272.1 183.1
274.9 185.6
278.5 186.5
282.2 185.9
285 183.6
286.8 180.2
287.5 176.6
287.1 172.8
285.6 169.4
282.8 166.9
279.3 165.5
275.6 165.2
271.9 165.7
268.4 167.1
265.3 169.3
263 172.2
261.5 175.7
260.8 179.4
260.8 183.1
261.1 186.9
261.9 190.5
263.2 194.1
264.9 197.4
267 200.6
269.3 203.5
271.8 206.4
274.2 209.2
276.5 212.2
278.4 215.4
279.7 219
280.1 222.7
279.7 226.5
279 230.2
277.9 233.8
276.9 237.4
276.1 241.1
275.9 244.8
276.6 248.5
278 252
280.1 255.1
282.9 257.7
286.1 259.6
289.6 261
293.2 262.1
296.7 263.5
299.8 265.5
302 268.6
303 272.2
303.3 276
303.8 279.7
305.8 282.8
309 284.6
312.7 283.9
315.8 281.9
318.7 279.5
321.4 276.9
324 274.1
326.6 271.4
329.1 268.6
331.8 266
334.6 263.5
337.8 261.5
341.5 261.4
345.1 262.5
348.5 264.1
351.6 266.3
354.3 268.9
356.7 271.7
358.9 274.8
360.7 278.1
362.3 281.6
363.6 285.1
364.7 288.7
365.6 292.3
366.2 296
366.7 299.8
366.9 303.5
366.8 307.3
366.2 311
365 314.6
364 318.2
363 321.8
362.3 325.5
361.9 329.3
362.4 333
363.3 336.7
364.6 340.2
366.1 343.7
367.5 347.1
368.9 350.6
370.1 354.2
370.7 357.9
370.7 361.7
369.6 365.3
367.7 368.5
365.4 371.5
362.7 374.1
359.8 376.5
356.5 378.3
353 379.7
349.5 381.1
346 382.6
342.7 384.3
339.6 386.5
337.1 389.3
335.1 392.4
333.2 395.7
331.5 399
329.7 402.4
327.9 405.7
326.1 409
324 412.1
321.7 415.1
319.1 417.8
316.4 420.4
313.6 422.9
310.6 425.2
307.5 427.4
304.4 429.5
301.2 431.5
298 433.4
294.8 435.5
291.7 437.6
288.8 439.9
286.1 442.6
284.8 446.1
284.9 449.8
286.7 453.1
286.4 455.8
282.6 456
278.8 456
276.2 454.6
275.8 451
273.5 448.1
273.3 444.3
275.1 441.1
277.8 438.4
280.1 435.5
281.9 432.2
283.1 428.7
284.3 425.1
285.9 421.7
287.8 418.4
290 415.4
292.5 412.6
295.1 409.8
297.7 407.1
300.3 404.4
302.9 401.7
305.4 398.9
307.9 396
310.1 393
312 389.7
313.4 386.2
314.4 382.6
315.1 378.9
315.7 375.2
316.4 371.5
317.3 367.8
318.5 364.3
320 360.8
322 357.6
324.5 354.9
327.2 352.2
329.7 349.4
331.6 346.2
333 342.7
333.7 339
334 335.2
334.1 331.5
333.7 327.7
332.5 324.2
330.9 320.7
330.1 317
330.1 313.3
330.3 309.5
331.1 305.8
332.2 302.3
333.5 298.7
333.9 295
333.2 291.3
332.2 287.7
329.4 286.1
326.2 288.1
323.2 290.4
320.3 292.7
317.4 295.1
314.4 297.5
311.6 299.9
308.7 302.4
306 305
303.3 307.7
300.7 310.4
298 313
295.1 315.4
292.1 317.6
288.9 319.6
285.7 321.5
282.4 323.4
279.1 325.2
275.7 327
272.4 328.7
269 330.3
265.6 331.8
262.1 333.3
258.6 334.7
255.1 336
251.5 337.2
247.9 338.2
244.2 339.2
240.5 339.9
236.8 340.6
233.1 341
229.3 341.3
225.6 341.4
221.8 341.4
218 341.3
214.3 341
210.5 340.8
206.8 340.7
203 340.7
199.3 341.1
195.6 342.2
192 343.2
188.3 343.8
184.6 343.8
180.8 343.4
177.1 342.6
173.5 341.8
169.8 340.9
166.1 340.3
162.3 340.2
158.7 341
155.4 342.9
152.8 345.6
150.7 348.7
148.3 351.6
144.7 352.4
142.2 350.1
144.4 347.2
147.1 344.6
146.8 340.9
146.2 337.2
147 333.6
149 330.4
152.6 329.9
156.2 330.8
158.1 327.9
160.5 325.1
164.2 325.1
167.7 326.3
171.3 327.6
174.8 328.7
178.5 329.7
182.2 330.3
186 330.5
189.7 330.3
193.5 329.9
197.2 329.2
200.8 328.4
204.5 327.4
208.1 326.3
211.6 325.1
215.2 323.8
218.7 322.4
222.1 320.8
225.5 319.2
228.9 317.5
232.1 315.6
235.3 313.6
238.3 311.4
241.2 308.9
243.9 306.3
246.5 303.6
249 300.8
251.4 297.9
253.6 294.9
255.8 291.8
257.9 288.7
260 285.5
262.1 282.4
264.2 279.3
266.4 276.2
268.7 273.2
271.2 270.4
274 267.9
277 265.7