160.4 84.1
163 86
165.9 87.6
168.9 88.7
172 89.4
175.3 89.6
178.5 89.3
181.7 88.6
184.7 87.5
187.5 86
190.2 84.1
192.6 82
194.9 79.6
196.9 77
198.7 74.4
200.4 71.7
202.4 69.1
204.5 66.6
206.7 64.3
209.1 62.2
211.8 60.2
214.6 58.6
217.5 57.3
220.6 56.4
223.8 56
227.1 56.3
230.2 57.2
232.9 58.9
235.2 61.2
237 63.9
238.3 66.8
239.1 70
239.6 73.2
239.8 76.4
239.9 79.6
240 82.9
240.3 86.1
240.8 89.3
241.4 92.5
242.3 95.6
243.4 98.6
244.9 101.5
246.7 104.2
248.9 106.6
251.4 108.5
254.3 110
257.5 110.9
259.3 111.5
256.2 111.3
253 110.3
250.1 108.9
247.4 107.3
244.7 105.4
242.2 103.4
239.8 101.2
237.6 98.9
235.5 96.3
233.7 93.6
232 90.9
230 88.3
227.7 86
225.2 84
222.5 82.3
219.5 80.9
216.5 79.9
213.3 79.3
210 79.3
206.9 80.1
204.3 82
202.3 84.5
200.7 87.3
200.3 90.5
202 93.2
204.9 94.4
208.1 94.5
211.1 93.3
212.6 90.5
211.6 87.6
208.5 87.6
206.1 89.7
205 92.7
206.5 95.4
209.5 96.6
212.6 97.4
215.9 97.9
219.1 97.6
222 96.3
223.4 93.5
222.2 90.5
219.2 89.6
216.1 90.4
213.3 91.9
211.1 94.3
209.1 96.9
207 99.4
205.3 102.1
204.5 105.2
205.6 108.1
208.7 108.9
211.6 107.5
213.5 104.9
213.5 101.8
211.8 99.1
209.3 97.1
206.3 95.9
203.1 96
200.6 98
199.4 101
199 104.2
199.1 107.4
199.7 110.6
200.8 113.6
202.7 116.3
205.1 118.4
208 119.9
211.2 120.5
214.4 120.5
217.5 119.8
220.5 118.6
222.9 116.5
221.8 114.1
218.7 114.7
216.1 116.6
215 119.6
215.2 122.8
216.3 125.8
218.6 128.1
221.7 128.6
224.7 127.4
227.4 125.6
229.7 123.3
229 120.5
225.9 119.9
222.9 121.1
222.8 124.1
224.8 126.6
227.6 128.2
230.8 128.7
234 128
236.5 126
238 123.2
238.5 120
236.9 117.3
233.7 117
231.6 119.2
232.5 122.2
234.7 124.6
237.6 125.9
240.7 125.4
243.1 123.3
244.2 120.4
241.5 118.9
239.2 120.9
240 124
242 126.4
245.1 127.5
248.3 127.2
251.3 126.1
254.4 125
257.5 124.4
260.7 124.2
264 124.5
267.2 125.2
270.1 126.3
273 127.9
275.6 129.7
278 131.9
280.2 134.4
282 137.1
283.4 139.9
284.5 143
285.1 146.1
285.1 149.4
284.6 152.6
283.4 155.6
281.7 158.3
279.6 160.8
277.2 162.9
274.4 164.6
271.4 165.8
268.1 166.3
264.9 166.2
261.8 165.5
258.8 164.2
256.1 162.4
253.6 160.4
251.4 158
249.5 155.4
248 152.5
247.1 149.4
246.6 146.2
246.9 143
247.9 140
249.7 137.3
252.3 135.3
255.3 134.3
258.6 134
261.8 134.5
264.9 135.4
267.9 136.5
270.8 138
273.5 139.8
276 141.9
278.1 144.3
280 147
281.6 149.8
283 152.7
284.4 155.6
285.9 158.5
287.4 161.4
288.9 164.2
290.4 167.1
292 169.9
293.6 172.7
295.2 175.4
297 178.2
298.9 180.9
300.8 183.5
302.9 185.9
305.1 188.3
307.5 190.5
310.1 192.4
313 194
316 195.1
319.1 196
322.3 196.6
325.5 196.6
327.9 194.7
327 191.7
324.8 189.4
321.9 187.9
318.7 187.5
315.7 188.6
313.5 191
312.1 193.9
311.2 197
311 200.2
311.4 203.4
312.4 206.5
313.9 209.4
315.8 212
318 214.4
320.4 216.6
323 218.5
325.8 220.1
328.7 221.5
331.8 222.7
334.9 223.6
338.1 224.2
341.2 224.6
344.5 224.8
347.8 224.8
350.9 224.6
354.2 224.3
357.4 223.8
360.6 223.3
363.7 222.6
367 221.9
370.1 221.1
373.1 220.2
376.3 219.3
379.4 218.5
382.6 218
385.8 217.8
389 218.5
391.6 220.3
393.3 223.1
393.8 226.3
393 229.3
390.7 231.6
387.6 232.4
384.6 231.4
382.3 229.1
380.9 226.2
380 223.2
379.3 219.9
379 216.7
379 213.5
379.3 210.3
380.1 207.1
381.5 204.3
384.1 202.3
387.3 202.2
390.3 203.3
393 205
395.5 207.1
397.9 209.4
400.3 211.4
401.2 208.7
400.7 205.5
399.9 202.4
398.8 199.3
396.5 197.6
394.6 200.2
393.5 203.3
392.6 206.4
391 209.2
388.7 211.4
385.9 213
382.7 213.7
380 212.3
379.1 209.1
379.5 205.9
380.9 203.1
383.8 201.7
387 201.7
390.1 202.6
393 204.1
395.5 206.2
397.6 208.6
399.2 211.4
400.1 214.5
398.2 216.8
395 217
392.6 214.9
391.4 211.9
391.2 208.7
391.6 205.5
392.2 202.3
392.8 199.1
393.3 195.9
393.7 192.7
393.7 189.4
393.7 186.2
393.7 183
393.9 179.8
394.1 176.5
394.3 173.3
394.7 170.1
395.1 166.9
395.6 163.6
396.1 160.5
396.8 157.3
397.5 154.2
398.4 151.1
399.3 147.9
400.2 144.8
401.1 141.7
402.1 138.6
403.1 135.5
404.3 132.5
405.8 129.6
407.8 129.8
408.2 133.1
408.1 136.3
408 139.6
407.7 142.7
407.4 146
406.9 149.2
406.4 152.4
405.7 155.5
404.8 158.7
403.9 161.8
403 165
402.2 168.1
401.3 171.1
400.4 174.3
399.6 177.4
398.7 180.6
397.8 183.7
397 186.8
396.2 189.9
395.3 193.1
394.5 196.2
393.6 199.3
392.8 202.4
392 205.5
391.1 208.7
390.3 211.9
389.5 215
388.7 218.1
387.9 221.3
387.1 224.4
386.4 227.5
385.6 230.7
384.9 233.8
384.2 237
383.6 240.1
383.2 243.4
383.1 246.6
383.2 249.9
383.3 253.1
383.5 256.3
383.8 259.6
384.2 262.8
384.7 266
385.3 269.1
386.1 272.3
387.2 275.4
388.7 278.2
391.3 280.1
394.3 279.5
396.7 277.3
398.6 274.7
400.3 271.9
401.7 269
402.9 266
403.7 262.9
404.2 259.7
404.3 256.4
404.2 253.2
404 249.9
403.9 246.7
403.8 243.5
403.8 240.2
403.6 237
403.3 233.7
403 230.6
402.5 227.3
401.9 224.2
401.2 221
400.3 217.9
399.4 214.8
398.3 211.8
397.1 208.7
395.8 205.8
394.2 202.9
392.4 200.2
390.4 197.7
387.7 196
385.4 197.8
386.9 200.6
389.7 202.2
391.6 200.4
390.6 197.4
388.6 194.9
385.8 193.2
382.7 192.3
379.5 192.1
376.3 192.6
373.2 193.7
370.4 195.3
367.9 197.3
365.5 199.4
363 201.5
360.2 203.1
357.2 204.1
353.9 204.4
350.7 204.3
347.4 204.1
344.2 203.8
341 203.6
337.8 203.3
334.6 202.9
331.4 202
328.6 200.5
326.6 198
325.2 195
324.2 191.9
323.3 188.8
322.4 185.7
321.2 182.7
319.7 179.8
318 177.1
316.1 174.4
314 171.9
311.8 169.6
309.4 167.4
306.9 165.4
304.2 163.6
301.5 161.9
298.6 160.4
295.6 159.2
292.5 158.3
289.3 157.5
286.1 156.9
282.9 156.4
279.7 156.4
276.5 156.8
273.6 158.1
271.2 160.3
269.6 163.1
268.5 166.2
267.8 169.3
267.5 172.5
267.9 175.8
268.9 178.8
270.8 181.5
273.3 183.5
276.2 185
279.2 186
282.4 186.2
285.5 185.2
288.1 183.2
289.7 180.5
290 177.3
288.5 174.5
285.7 172.9
282.6 172.2
279.4 171.9
276.1 171.9
272.9 172.3
269.8 173.1
266.8 174.4
264 175.9
261.3 177.8
258.8 179.9
256.4 182
254.1 184.3
251.7 186.6
249.4 188.8
246.9 190.9
244.4 192.9
241.8 194.8
239 196.6
236.3 198.1
233.3 199.4
230.2 200.4
227 200.8
223.8 200.6
220.7 199.7
217.7 198.3
214.9 196.6
212.4 194.7
210 192.5
207.9 190.1
206 187.4
204.5 184.5
203.4 181.5
202.6 178.4
202.2 175.1
202 171.9
202.2 168.6
202.5 165.4
203.1 162.3
204 159.1
205.1 156.1
206.6 153.3
208.6 150.7
211 148.6
213.9 147.2
217.2 146.7
220.3 147.3
222.9 149.2
224.2 152.1
224.1 155.4
222.7 158.3
220.6 160.8
218.1 162.7
215.2 164.3
212.1 165.2
208.9 165.3
205.8 164.5
203 163
200.1 161.3
197.5 159.5
195 157.4
192.7 155.1
190.7 152.6
188.8 150
187.2 147.1
185.9 144.2
184.8 141.1
183.9 138.1
183.3 134.8
183.2 131.6
183.7 128.4
184.8 125.3
186.6 122.7
189 120.5
191.8 119
194.9 118.3
198.2 118.5
201.2 119.7
203.5 121.9
204.7 124.9
204.8 128.1
204.3 131.3
203.4 134.4
202 137.3
200.2 140
198 142.4
195.6 144.6
193 146.5
190.4 148.4
187.6 150.1
184.8 151.6
181.8 152.8
178.7 153.6
175.4 154
172.2 153.9
169.1 153.2
166.1 152
163.4 150.1
161 147.9
158.8 145.6
156.7 143.1
154.7 140.5
152.9 137.9
151.4 135
150.2 132
149.6 128.8
149.7 125.6
150.5 122.4
152 119.6
154 117.1
156.3 114.8
158.8 112.8
161.5 110.9
164.3 109.3
167.3 108
170.4 107.2
173.6 106.8
176.8 107
179.9 107.9
182.8 109.4
185.4 111.3
187.6 113.6
189.1 116.5
190 119.6
190.2 122.8
189.8 126.1
188.8 129.1
187.4 132
185.5 134.6
183.1 136.9
180.6 139
178.1 141
175.7 143.1
173.2 145.3
170.7 147.4
168.3 149.5
165.8 151.6
163.3 153.7
160.8 155.7
158.2 157.6
155.5 159.4
152.7 161
149.8 162.4
146.7 163.5
143.6 164.5
140.8 165.9
138.1 167.8
135.6 169.8
133.3 172.1
131.2 174.5
129.1 177.1
127.2 179.7
125.4 182.3
123.7 185.1
122.2 188
120.9 190.9
120.1 194.1
120 197.3
121.2 200.3
124 201.6
127.2 201.1
130 199.6
132.5 197.5
134.4 194.9
135.4 191.8
134.4 188.8
132.1 186.6
129.1 185.2
126 184.9
122.7 185.5
119.8 186.7
117 188.4
114.7 190.6
112.5 193.1
110.7 195.8
109.2 198.6
107.9 201.6
106.9 204.6
106.1 207.8
105.4 211
104.9 214.2
104.5 217.4
104.2 220.6
104 223.8
103.8 227
103.8 230.3
104 233.5
104.3 236.8
104.7 240
105.3 243.2
106.2 246.3
107.3 249.3
108.7 252.3
110.4 255
112.7 257.3
115.3 259.1
118.4 260.2
121.6 260
124.1 258
126.2 255.5
127.6 252.6
127.7 249.4
125.9 246.8
122.9 245.6
119.7 246
116.9 247.5
114.4 249.7
112.6 252.4
111.4 255.4
110.9 258.6
111.1 261.8
111.9 264.9
113.2 267.9
115 270.6
117.3 272.8
120.1 274.4
123.3 275.1
126.4 274.7
129.4 273.4
132 271.5
134.3 269.2
136.5 266.8
138 264
138.4 260.8
138.2 257.5
137.9 254.3
136.9 251.2
135 248.6
132.6 246.5
129.8 244.8
127 243.2
124.4 241.4
121.8 239.4
119.4 237.2
117.2 234.8
115.1 232.3
113.3 229.7
111.7 226.9
110.3 223.9
109.2 220.9
108.3 217.8
107.7 214.6
107.4 211.4
107.3 208.1
107.4 204.9
107.8 201.6
108.4 198.4
109.1 195.4
110.1 192.2
111.2 189.2
112.4 186.2
113.6 183.3
115 180.3
116.5 177.4
118 174.6
119.7 171.8
121.5 169.1
123.4 166.4
125.4 163.9
127.5 161.4
129.8 159.2
132.2 157
134.7 155
137.4 153.2
140.2 151.6
143.1 150.1
146.2 148.9
149.3 148
152.4 147.3
155.6 146.8
158.8 146.6
162.1 146.5
165.3 146.7
168.5 147.2
171.6 148.1
174.6 149.3
177.4 151
179.9 153.1
182.2 155.4
184.1 158
185.8 160.7
187.1 163.7
188.1 166.8
188.7 170
189 173.1
188.9 176.4
188.3 179.6
187.3 182.6
185.9 185.6
184.2 188.3
182.1 190.8
179.6 192.9
176.7 194.4
173.6 195
170.4 194.6
167.5 193.2
164.9 191.3
162.6 188.9
160.9 186.2
159.6 183.2
158.8 180.1
158.5 176.9
158.6 173.7
159.1 170.5
159.9 167.3
161.4 164.5
163.5 162
166 160
168.9 158.6
172.1 157.8
175.3 157.8
178.4 158.7
180.9 160.7
182.4 163.5
183 166.7
182.8 170
182.2 173.1
181.4 176.2
180.7 179.4
180.2 182.6
179.7 185.8
179.3 189
179 192.2
178.8 195.5
178.8 198.8
178.8 201.9
178.9 205.2
179.2 208.4
179.5 211.7
180.1 214.9
180.7 218
181.6 221.2
182.6 224.2
183.9 227.2
185.5 230
187.5 232.5
190 234.5
193 235.6
196.2 235.6
199.4 234.5
202.1 232.8
204.6 230.7
206.9 228.5
209 226
211 223.5
212.8 220.8
214.2 217.9
215.2 214.8
215.3 211.5
214.2 208.6
211.5 206.9
208.3 207.4
205.8 209.4
204.1 212.2
202.8 215.1
202.4 218.3
202.7 221.5
203.6 224.6
205.2 227.5
207.1 230
209.5 232.2
212.2 234
215.2 235.3
218.3 236
221.6 236
224.7 235.4
227.7 234
230.3 232.2
232.8 230
235.6 228.4
238.6 227.2
241.8 226.6
245 226.7
248.1 227.5
251 229
253.5 231
255.7 233.4
257.7 236
259.3 238.8
260.5 241.7
261.3 244.9
261.6 248.1
261.3 251.3
260.3 254.4
258.8 257.3
256.9 259.8
254.5 262.1
251.9 264
249 265.5
246 266.7
242.9 267.4
239.6 267.6
236.4 267.4
233.2 266.9
230.1 265.9
227.2 264.6
224.5 262.8
222.2 260.5
220.4 257.8
219.3 254.8
218.9 251.6
219.1 248.4
219.9 245.2
221.7 242.5
224.3 240.6
227.4 239.7
230.6 239.5
233.8 239.9
236.9 240.8
239.9 242
242.8 243.6
245.4 245.4
248 247.4
250.2 249.7
252.4 252.2
254.3 254.7
256 257.5
257.5 260.4
258.9 263.2
260.2 266.3
261.3 269.3
262.2 272.4
262.9 275.6
263.4 278.8
263.6 282
263.6 285.2
263.5 288.5
263.3 291.7
263.1 295
262.9 298.2
262.9 301.4
262.6 304.7
262.1 307.8
261.4 311
260.6 314.1
259.7 317.2
258.6 320.3
257.5 323.3
256.2 326.3
254.7 329.2
252.9 331.9
250.9 334.4
248.6 336.7
246 338.6
243.2 340.2
240.1 341.1
236.9 341.3
233.7 340.8
230.5 340
227.5 339
224.6 337.5
222.8 334.9
222.9 331.6
224.4 328.8
227 326.9
230 325.9
233.2 326.3
235.6 328.4
237 331.3
237.6 334.5
237.8 337.7
237.6 340.9
236.9 344.1
236 347.2
234.8 350.2
233.7 353.2
232.7 356.3
231.8 359.5
231.1 362.6
230.5 365.8
230.1 369
229.9 372.3
230.1 375.4
230.6 378.7
231.4 381.8
232.5 384.9
234 387.8
235.7 390.4
237.7 393.1
239.9 395.4
242.3 397.7
244.7 399.7
247.3 401.6
250.1 403.4
252.8 405.1
255.5 406.9
258.1 408.8
260.6 410.8
263 413
265.3 415.3
267.4 417.9
269.1 420.5
270.5 423.5
271.5 426.5
272 429.8
272.3 433
272.5 436.2
272.5 439.4
272.4 442.7
272.1 445.9
271.4 449.1
269.8 451.9
266.9 452.9
264 451.6
261.6 449.4
259.7 446.9
258.6 443.8
258.7 440.6
260.3 437.8
262.9 435.9
265.9 434.6
269 433.8
272.2 433.4
275.4 433.6
278.5 434.6
281.1 436.5
283 439.1
284.2 442.1
284.4 445.4
283.7 448.5
282.1 451.3
279.7 453.5
276.8 455
273.7 455.8
270.5 456
267.2 455.8
264.1 455.2
261 454.2
258.2 452.6
255.7 450.5
253.7 448
252 445.2
250.5 442.4
248.8 439.6
247.2 436.8
245.6 434
243.9 431.3
242 428.6
240.1 426
238.1 423.5
235.9 421
233.8 418.7
231.6 416.3
229.4 413.8
227.4 411.3
225.4 408.8
223.4 406.2
221.5 403.6
219.7 400.9
217.9 398.2
216.3 395.4
214.7 392.6
213.2 389.7
211.8 386.7
210.6 383.8
209.4 380.7
208.4 377.6
207.5 374.5
206.8 371.3
206.3 368.1
205.9 364.9
205.8 361.7
205.8 358.5
205.9 355.3
206.1 352
206.4 348.8
206.9 345.6
207.5 342.4
208.2 339.3
209.2 336.2
210.3 333.1
211.7 330.2
213.3 327.4
215.2 324.7
217.3 322.4
219.7 320.2
222.4 318.3
225.3 316.8
228.4 315.7
231.5 315
234.7 314.7
237.9 314.6
241.1 315
244.3 316
247.1 317.5
249.6 319.6
251.7 322
253.4 324.7
254.8 327.7
255.8 330.7
256.7 333.9
257.3 337
257.7 340.3
258 343.5
258.2 346.7
258.2 349.9
258.1 353.2
257.9 356.4
257.6 359.6
257.2 362.9
256.7 366
256.1 369.2
255.4 372.4
254.7 375.5
253.9 378.7
253 381.8
252 384.9
251.1 388
250 391.1
249 394.1
247.9 397.2
246.8 400.2
245.6 403.3
244.5 406.2
243.3 409.3
242.2 412.3
241.1 415.4
240.1 418.5
239.3 421.6
238.9 424.8
238.9 428.1
239.2 431.3
240 434.4
241.3 437.4
243.4 439.8
246.4 441
249.4 440
251.7 437.8
253.5 435
254.8 432.1
255.9 429
256.7 425.9
257.2 422.7
257.3 419.4
256.9 416.3
256 413.1
254.8 410.1
253.3 407.3
251.8 404.4
250.1 401.6
248.5 398.9
246.8 396.1
245.2 393.3
243.5 390.5
241.6 387.8
239.7 385.2
237.6 382.8
235.4 380.4
233 378.2
230.6 376
228.1 373.9
225.7 371.8
223.2 369.7
220.8 367.5
218.6 365.2
216.5 362.7
214.6 360.1
212.9 357.3
211.4 354.4
210.1 351.4
209 348.5
208.1 345.4
207.3 342.2
206.6 339
206 335.8
205.5 332.7
205.1 329.5
204.7 326.3
204.4 323
204.2 319.8
204.1 316.6
204.1 313.3
204.2 310
204.4 306.9
204.8 303.6
205.2 300.4
205.9 297.2
206.6 294.1
207.6 291
208.7 287.9
210 285
211.4 282
212.9 279.2
214.6 276.5
216.4 273.8
218.4 271.2
220.5 268.8
223 266.7
225.9 265.2
229.1 264.9
231.7 266.6
233 269.5
233.2 272.7
232.6 275.9
231.6 279
230.1 281.9
228.5 284.6
226.4 287.1
224.2 289.5
221.8 291.7
219.1 293.5
216.2 294.9
213.1 295.7
209.9 295.6
206.7 294.9
203.7 293.7
200.8 292.3
198 290.7
195.2 289
192.5 287.2
189.9 285.2
187.6 283.1
185.3 280.7
183.3 278.1
181.7 275.3
180.4 272.4
179.5 269.3
179 266.1
178.9 262.9
179.1 259.6
179.7 256.5
180.5 253.3
181.6 250.3
183.1 247.4
184.9 244.7
187.1 242.3
189.6 240.3
192.5 238.8
195.6 237.9
198.9 238.2
201.5 239.9
203.1 242.7
203.5 245.9
203.1 249.1
202.3 252.2
201.2 255.3
199.9 258.2
198.4 261.1
196.7 263.8
194.7 266.5
192.7 268.9
190.5 271.4
188.2 273.7
186 276
183.8 278.4
181.7 280.9
179.8 283.5
177.8 286.1
176 288.7
174.1 291.4
172.3 294
170.6 296.8
168.9 299.6
167.3 302.4
165.8 305.3
164.4 308.1
163.1 311.1
161.9 314.2
160.9 317.3
160.1 320.4
159.3 323.5
158.8 326.7
158.3 329.9
158.1 333.1
157.9 336.5
157.9 339.6
158.1 342.9
158.4 346
159 349.3
159.9 352.5
160.9 355.4
162.2 358.4
163.9 361.3
165.7 363.9
167.8 366.3
170.2 368.5
172.8 370.4
175.6 372.1
178.4 373.5
181.4 374.7
184.6 375.6
187.8 376.4
190.8 376.9
194.2 377.3
197.4 377.5
200.6 377.5
203.9 377.4
207.1 377.2
210.2 376.8
213.5 376.4
216.8 375.8
219.8 375.2
223 374.4
226.1 373.6
229.3 372.7
232.4 371.7
235.4 370.6
238.3 369.6
241.5 368.3
244.4 367.1
247.5 365.8
250.4 364.7
253.5 363.5
256.5 362.5
259.7 361.4
262.8 360.4
265.8 359.6
268.9 358.7
272.2 358
275.3 357.4
278.5 356.9
281.8 356.5
284.8 356.3
288.2 356.2
291.4 356.4
294.6 356.9
297.8 357.7
300.8 358.8
303.6 360.2
306.2 362.1
308.5 364.4
310.4 367
312 370
313.1 372.9
314 376.1
314.6 379.3
314.9 382.6
315 385.8
314.9 389
314.7 392.2
314.3 395.4
313.7 398.6
312.7 401.7
310.4 403
308.6 400.3
307.4 397.3
306.4 394.3