222.7 123.2
219.7 122.3
216.8 121.1
214.1 119.7
211.5 117.8
209.4 115.6
208 112.8
207.6 109.7
208.2 106.7
209.6 104
211.5 101.5
213.8 99.4
216.3 97.6
219 96
221.8 94.7
224.9 93.6
227.7 92.8
230.8 92.1
233.9 91.6
237 91.3
240.2 91.1
243.2 91.1
246.3 91.3
249.5 91.6
252.5 92
255.6 92.7
258.5 93.6
261.4 94.7
264.2 96.2
266.8 97.9
269.1 100
271.1 102.3
272.6 105.1
273.6 108
273.7 111.1
273.3 114.2
272.3 117.2
270.7 119.8
268.6 122
265.9 123.7
262.9 124.6
259.9 125
256.7 125
253.7 124.5
250.7 123.5
247.9 122.1
245.3 120.4
242.9 118.5
240.7 116.2
238.8 113.8
237.2 111.1
235.8 108.3
234.8 105.4
234.2 102.3
234 99.2
234 96.1
234.1 93
234.2 89.9
234.5 86.8
234.9 83.7
235.5 80.7
236.2 77.6
237.3 74.7
238.4 71.8
239.8 69
241.2 66.2
242.7 63.5
244.3 60.8
246 58.3
248.2 56
251.1 56
252.9 58.6
254 61.4
255 64.4
255.8 67.4
256.5 70.4
257.1 73.5
257.7 76.6
258.2 79.6
258.4 82.7
258.5 85.8
258.4 89
258.3 92.1
258.1 95.2
257.8 98.3
257.4 101.3
256.9 104.4
256.4 107.4
255.8 110.5
255.1 113.6
254.3 116.6
253.4 119.6
252.5 122.6
251.4 125.5
250.2 128.4
248.9 131.2
247.4 133.8
245.5 136.4
243.4 138.6
240.8 140.4
237.8 141.3
234.7 141.2
231.9 140.1
229.3 138.3
227.1 136.1
225.3 133.6
224 130.8
223 127.8
222.4 124.7
222.3 121.6
222.6 118.5
223.3 115.4
224.4 112.5
225.8 109.8
227.7 107.3
229.8 105
232.4 103.3
235.4 102.6
238.3 103.4
240.7 105.3
242.3 108
242.3 111.1
241.2 114
239.1 116.2
236.2 117.3
233.1 116.8
230.7 115
230.5 112
232.5 109.7
235.1 108
238 106.9
241 106.2
244.1 106.1
247.1 106.9
249.2 109.1
249.6 112.1
248.8 115.1
246.3 116.8
243.2 116.5
240.7 114.8
239.6 111.9
241.3 109.4
244.2 109.2
245.1 112
244.1 114.9
242.6 117.6
240.7 120.1
238.7 122.5
236.4 124.6
233.6 126
230.7 125.4
229.6 122.5
229.7 119.4
230.1 116.3
230.8 113.3
232.1 110.5
234 108.1
236.5 106.2
239.2 104.5
242 103.2
245 102.7
248.1 102.9
251.2 103.7
253.8 105.3
255.8 107.7
257.1 110.5
257.8 113.5
258.1 116.6
258.1 119.8
257.9 122.8
257.6 125.9
257 129
256.1 132
254.8 134.9
253.2 137.5
251 139.7
248.5 141.6
245.7 143
242.9 144.1
239.9 144.9
236.7 145.1
233.7 144.5
230.8 143.3
228.2 141.6
225.9 139.6
223.8 137.3
222 134.7
220.9 131.8
221.2 128.7
223.4 127.7
224.2 130.7
223.6 133.7
221 135.1
217.9 136
214.9 136.9
211.9 137.8
209.1 138.8
206.1 139.9
203.3 141
200.4 142.3
197.6 143.6
194.8 144.9
192 146.4
189.2 148
186.6 149.6
184 151.3
181.5 153.1
179.1 155
176.7 157
174.5 159.2
172.4 161.5
170.3 163.9
168.5 166.4
166.8 169
165.4 171.8
164.6 174.8
165.1 177.8
167.9 179
170.9 178.2
173.8 177.2
176.4 175.5
176.5 172.5
174 171.2
172.9 173.9
173.4 177
174.8 179.8
176.7 182.1
179.1 184.2
181.7 185.8
184.5 187.3
187.4 188.4
190.4 189.3
193.5 189.9
196.5 190.3
199.6 190.5
202.7 190.3
205.9 189.9
208.9 189.2
211.8 188.1
214.5 186.6
217 184.7
218.4 182
217.8 179
215.5 176.9
212.7 176.6
211.9 179.6
212.3 182.7
213.7 185.5
215.7 187.8
218.3 189.5
221.1 190.8
224.1 191.7
227.2 192.2
230.3 192.3
233.4 192.2
236.5 191.9
239.6 191.3
242.5 190.4
245.4 189.2
248.1 187.6
250.5 185.6
252.4 183.2
253.9 180.4
254.7 177.4
254.1 174.4
251.8 173.4
251.3 176.5
252 179.5
254.2 181.6
257 183
259.9 184.1
262.9 184.6
266.1 185.1
269.1 185.3
272.2 184.7
274.8 183
277.1 180.9
279.3 178.8
281.1 176.2
280.8 173.2
278.8 170.8
276 169.5
275.7 172
277.6 174.3
280.5 175.6
283.5 176.1
286.7 176.2
289.8 176
292.8 175.3
295.7 174.1
298.4 172.7
301.2 171.1
303.7 169.4
305.9 167.2
306.6 164.2
305.8 161.2
304.3 158.5
302.5 156
300.4 153.7
298 151.7
295.5 149.8
292.9 148.2
290.1 146.8
287.3 145.5
284.3 144.4
281.3 143.5
278.3 142.7
275.3 142
272.2 141.4
269.2 141.1
266 140.9
262.9 141
259.8 141.3
256.8 142
253.9 143.1
251.5 145
251.3 147.9
253.4 150.3
255.5 152.5
257.8 154.6
260.2 156.6
262.8 158.3
265.6 159.7
268.6 160.5
271.7 160.8
274.8 160.8
276.7 158.9
274.9 156.5
272.4 154.6
269.7 152.9
267 151.4
264.3 150
261.4 148.8
258.5 147.6
255.5 146.7
252.5 145.9
249.4 145.5
246.3 145.6
243.2 146
240.2 146.9
237.5 148.3
235.1 150.3
233.1 152.7
231.7 155.5
230.7 158.4
230 161.5
229.7 164.6
229.7 167.7
230.2 170.8
231.3 173.6
233.2 176.1
235.8 177.8
238.7 177.4
240.6 175
241.2 172
241.3 168.8
241.3 165.7
241 162.6
240.4 159.6
239.6 156.6
238.6 153.6
237.3 150.8
235.5 148.3
232.9 146.5
229.9 145.6
226.9 145.5
223.7 145.8
220.7 146.4
217.7 147.4
214.9 148.7
212.2 150.3
209.6 152.1
207.2 154
205 156.2
203 158.5
201.1 161.1
199.6 163.8
198.5 166.7
198.3 169.8
199.8 172.4
202.7 173.3
205.8 173.1
208.7 172.1
211.3 170.3
213.5 168.1
215.6 165.9
217.6 163.4
219.3 160.8
220.9 158.2
222.1 155.3
222.9 152.3
222.8 149.2
221.4 146.4
218.9 144.6
215.8 144.1
212.8 144.4
209.7 145.2
206.9 146.4
204.1 147.9
201.5 149.6
199.1 151.5
196.7 153.5
194.5 155.7
192.4 158
190.4 160.4
188.5 162.8
186.7 165.3
185 167.9
183.3 170.7
181.7 173.4
180.3 176
178.9 178.8
177.6 181.7
176.4 184.5
175.2 187.5
174.2 190.4
173.2 193.3
172.3 196.3
171.5 199.3
170.8 202.4
170.2 205.4
169.7 208.4
169.4 211.6
169.3 214.7
169.2 217.8
169.2 220.9
169.2 224.1
169.2 227.1
169.3 230.3
169.5 233.4
169.8 236.5
170.2 239.5
170.8 242.6
171.4 245.7
172.2 248.6
173.2 251.7
174.2 254.5
175.5 257.3
177 260.1
178.7 262.8
180.5 265.3
182.5 267.7
184.7 269.9
187.1 271.9
189.6 273.7
192.2 275.4
195 276.8
197.8 278.1
200.8 279.2
203.8 280.1
206.7 280.8
209.7 281.6
212.8 282.4
215.8 283
218.9 283.6
222 284
225.1 284.2
228.2 284
231.3 283.5
234.1 282.3
236.7 280.6
238.9 278.4
240.7 275.8
242.1 273.1
243.2 270.2
244.1 267.2
244.8 264.1
245.4 261.1
245.8 258
246.2 254.9
246.5 251.8
246.6 248.7
246.5 245.6
246.2 242.5
245.9 239.4
245.4 236.3
244.7 233.2
243.9 230.3
242.8 227.4
241.5 224.5
239.9 221.8
238 219.4
235.6 217.4
232.9 215.9
229.9 215
226.8 214.8
223.7 215.1
220.8 216.1
218.1 217.6
215.7 219.6
213.6 221.9
211.8 224.5
210.4 227.3
209.2 230.2
208.2 233.1
207.4 236.1
206.9 239.2
206.5 242.2
206.3 245.3
206.3 248.4
206.5 251.6
207 254.7
207.7 257.7
208.7 260.7
210 263.5
211.6 266.1
213.4 268.7
215.5 271
218.1 272.6
221.2 272.5
223.4 270.4
224.8 267.6
225.5 264.6
225.9 261.5
226.1 258.4
226.2 255.4
226.2 252.2
226.1 249.1
226 246
225.7 242.9
225.4 239.8
224.9 236.7
224.4 233.6
223.8 230.6
223 227.5
222.1 224.5
221 221.6
219.7 218.8
218.2 216.2
216.3 213.7
214 211.5
211.4 209.8
208.5 208.9
205.4 208.3
202.3 208.1
199.2 208.7
196.5 210
194.1 212.1
192.3 214.6
190.7 217.3
189.5 220.1
188.6 223.1
188 226.2
187.8 229.3
187.8 232.4
188.3 235.5
189.6 238.3
192.3 239.5
195 238.1
197.1 235.8
199 233.3
200.6 230.6
202 227.8
203.1 225
204 222
204.7 218.9
205.2 215.9
205.5 212.8
205.5 209.6
205.2 206.5
204.6 203.5
203.6 200.5
202 197.8
199.8 195.6
197.1 194.3
194 193.9
191 194.5
189 196.8
190.4 199.4
193 201.2
195.8 202.5
198.7 203.5
201.7 204.4
204.7 205.2
207.7 205.8
210.8 206.4
213.9 207
217 207.5
220 208
223.1 208.4
226.2 208.7
229.3 208.9
232.5 208.9
235.6 208.8
238.7 208.6
241.8 208.1
244.8 207.5
247.8 206.6
250.7 205.5
253.5 204.2
256.2 202.6
258.7 200.8
261.1 198.7
263.1 196.4
264.6 193.7
264.6 190.6
262.4 188.5
259.4 188.2
257 190.1
256.6 193.2
257.4 196.2
258.8 199
260.7 201.4
263 203.6
265.5 205.3
268.3 206.8
271.2 207.9
274.2 208.6
277.3 208.9
280.4 208.8
283.5 208.2
286.3 206.9
288.8 205
290.7 202.6
292 199.7
293 196.8
293.5 193.8
293.5 190.6
292.8 187.6
291.2 184.9
288.8 183
285.8 182.6
283.1 184.1
281.6 186.8
281.2 189.9
281.3 193
281.8 196
282.6 199
283.6 202
284.8 204.8
286.1 207.6
287.5 210.4
289.1 213.1
290.8 215.7
292.7 218.2
294.6 220.6
296.7 223
298.9 225.2
301.1 227.3
303.5 229.4
306.1 231.3
308.6 232.9
311.3 234.5
314.1 235.8
317 236.9
320.1 237.6
323.1 237.8
326.2 237.4
329.1 236.2
331.4 234.1
333.1 231.4
334.1 228.5
334.7 225.5
334.8 222.3
334.4 219.3
333.2 216.4
331.3 214
328.6 212.4
325.6 212.1
322.6 213
320.2 214.9
318.2 217.3
316.7 220
315.2 222.9
313.9 225.7
312.8 228.6
311.7 231.5
310.9 234.4
310.1 237.5
309.5 240.6
309 243.7
308.7 246.7
308.5 249.8
308.5 252.9
308.6 256.1
308.8 259.2
309.2 262.3
309.7 265.3
310.3 268.3
311.1 271.4
312 274.3
313.1 277.3
314.3 280.2
315.6 283
317.1 285.7
318.8 288.3
320.8 290.7
323.1 292.8
325.4 294.9
328 296.5
331.1 296.7
334.1 295.8
336.9 294.5
339.2 292.4
340.6 289.6
341.4 286.7
342.2 283.7
343.1 280.6
343.9 277.6
344.6 274.6
345.3 271.5
345.9 268.5
346.4 265.4
346.8 262.3
347.2 259.2
347.4 256.1
347.4 253
347.3 249.9
346.9 246.8
346.3 243.8
345.3 240.8
343.8 238
342 235.6
339.6 233.6
337 231.8
334.3 230.4
331.2 229.7
328.3 230.6
326.4 233
325.3 235.9
324.7 239
324.5 242.1
324.8 245.2
325.8 248.1
327.7 250.5
330.6 251.8
333.6 251.4
336.4 250
338.5 247.8
339.2 244.8
338.3 241.8
336.3 239.5
333.5 238.2
330.4 238.1
328.3 240.2
327.9 243.3
329.5 245.9
332.5 246.2
335.4 245.3
337.2 242.8
337.5 239.7
337.5 236.6
337.5 233.4
337.4 230.4
337 227.3
336.3 224.2
335.5 221.2
334.4 218.3
333.3 215.4
331.9 212.6
330.5 209.8
328.9 207.1
327.3 204.5
325.6 201.8
323.8 199.3
322 196.8
320.1 194.3
318.2 191.9
316.1 189.6
313.9 187.4
311.6 185.3
309.1 183.3
306.6 181.5
304 179.9
301.3 178.5
298.3 177.2
295.4 176.3
292.4 175.7
289.2 175.4
286.2 175.5
283.1 176
280 177.1
277.4 178.7
275.1 180.6
273 182.9
271.3 185.7
270 188.5
269 191.4
268.3 194.5
267.9 197.4
267.7 200.6
267.6 203.7
267.8 206.8
268.1 209.9
268.5 213.1
269 216.1
269.6 219.1
270.3 222.3
271.1 225.1
272 228.1
272.9 231.1
273.9 234
275 237.1
276.1 239.9
277.3 242.8
278.5 245.7
279.7 248.5
281 251.4
282.4 254.2
283.7 256.9
285.2 259.7
286.7 262.4
288.3 265.1
290 267.7
291.7 270.3
293.6 272.8
295.5 275.3
297.5 277.7
299.6 280
301.9 282.1
304.2 284.1
306.8 286
309.5 287.6
312.3 288.8
315.2 289.7
318.3 290
321.4 289.6
324.1 288.2
325.9 285.6
327.3 282.9
328.5 280.1
329.5 277
330.2 274
330.5 270.9
330.5 267.8
330.1 264.7
329.3 261.6
328.2 258.9
326.7 256.1
325 253.5
322.9 251.1
320.7 248.9
318.4 246.9
315.9 245.1
313.3 243.4
310.5 241.9
307.8 240.6
304.8 239.4
301.9 238.4
298.8 237.7
295.8 237.2
292.6 237.1
289.5 237.1
286.5 237.3
283.3 237.8
280.3 238.5
277.3 239.5
274.6 240.9
272 242.6
269.7 244.7
267.7 247.1
266.2 249.8
265 252.7
264.1 255.7
263.6 258.8
263.3 261.9
263.2 264.9
263.3 268
263.6 271.1
263.9 274.2
264.1 277.4
263.8 280.5
263.1 283.5
261.9 286.3
259.8 288.7
257.2 290.2
254.1 290.7
251 290.2
248.3 288.8
246 286.7
244.3 284.1
243.1 281.2
242.5 278.1
242.9 275.1
244.5 272.4
246.8 270.3
249.4 268.6
252.2 267.3
255.1 266.1
258 264.9
260.8 263.8
263.9 262.7
266.7 261.8
269.8 261
272.8 260.4
275.9 260.1
279 260.2
282 260.9
284.8 262.2
287.3 264.2
289.2 266.7
290.7 269.4
291.8 272.3
292.6 275.3
293.3 278.3
293.7 281.4
294.1 284.6
294.4 287.6
294.7 290.7
295 293.8
295.3 296.9
295.5 300
295.8 303.1
296 306.3
296.3 309.4
296.4 312.4
296.5 315.5
296.6 318.7
296.6 321.7
296.6 324.9
296.4 328
296.1 331.1
295.6 334.2
294.9 337.2
293.8 340.2
292.2 342.8
289.8 344.7
286.8 345.2
283.7 344.5
280.9 343.1
278.3 341.3
276.1 339.1
274.4 336.6
273.1 333.7
272.3 330.8
271.8 327.6
271.8 324.6
272.3 321.5
273.2 318.5
274.9 315.9
277.7 314.7
280.4 316.2
282.5 318.4
284 321.1
284.6 324.2
284.3 327.3
283.3 330.3
281.8 332.9
279.8 335.3
277.5 337.5
275.1 339.3
272.4 340.9
269.6 342.3
266.8 343.6
263.9 344.7
260.9 345.8
257.9 346.7
254.9 347.4
251.8 348.1
248.8 348.6
245.7 349
242.6 349.3
239.5 349.5
236.4 349.5
233.3 349.3
230.2 349
227.1 348.5
224 347.9
221.1 347
218.1 346
215.3 344.7
212.5 343.3
209.9 341.6
207.5 339.6
205.2 337.5
203.2 335.2
201.4 332.6
200.1 329.8
199.3 326.8
199.2 323.7
199.8 320.6
201.3 317.9
203.5 315.7
206.3 314.5
209.4 314.8
211.9 316.6
213.6 319.2
214.4 322.2
214.5 325.3
213.8 328.3
212.5 331.1
210.7 333.7
208.5 335.9
206.1 337.8
203.3 339.3
200.4 340.2
197.3 340.4
194.3 339.6
191.7 337.9
189.6 335.7
187.7 333.2
186.1 330.5
184.9 327.6
184 324.6
183.7 321.6
183.6 318.4
183.9 315.3
184.5 312.3
185.2 309.2
186 306.2
186.9 303.3
188 300.3
189.2 297.5
190.5 294.6
191.9 291.9
193.6 289.2
195.4 286.7
197.4 284.3
199.7 282.2
202.3 280.5
205.2 279.2
208.2 278.7
211.3 278.8
214.4 279.6
217.1 280.9
219.7 282.5
222.2 284.5
224.5 286.6
226.5 289
228 291.7
229.3 294.6
230.4 297.6
231.3 300.4
232.1 303.4
232.9 306.5
233.5 309.5
234.1 312.7
234.5 315.6
235 318.7
235.4 321.8
235.7 324.9
236 328.1
236.3 331.2
236.5 334.2
236.7 337.3
236.8 340.4
237 343.6
237 346.7
237.1 349.7
237.1 352.9
237.1 356.1
237.1 359.2
237 362.3
236.9 365.4
236.7 368.5
236.5 371.6
236.3 374.7
236.1 377.8
235.8 381
235.5 384.1
235.1 387.1
234.7 390.2
234.3 393.2
233.8 396.4
233.3 399.4
232.7 402.5
232 405.5
231.3 408.5
230.5 411.5
229.8 414.6
229 417.6
228.3 420.6
227.5 423.7
226.7 426.6
225.8 429.6
224.5 432.4
222.7 435
220.4 437.1
217.7 438.6
214.7 439.5
211.7 440.1
208.6 440.5
205.4 440.7
202.4 440.8
199.3 440.7
196.1 440.4
193.1 439.7
190.2 438.6
187.5 437.1
185 435.3
182.8 433
180.9 430.5
179.4 427.9
178.2 424.9
177.2 422
176.5 419
175.9 415.9
175.6 412.9
175.4 409.7
175.4 406.6
175.5 403.5
175.8 400.4
176.1 397.2
176.5 394.2
176.9 391
177.4 388.1
178 385
178.6 381.9
179.4 378.9
180.2 375.9
181.2 372.9
182.2 370
183.4 367.1
184.7 364.3
186.1 361.5
187.7 358.8
189.4 356.3
191.3 353.8
193.4 351.5
195.6 349.3
198 347.4
200.6 345.7
203.4 344.2
206.3 343
209.2 342
212.2 341.4
215.4 341
218.4 340.8
221.6 340.9
224.7 341.1
227.8 341.5
230.9 342.1
233.9 342.8
236.8 343.7
239.7 344.7
242.7 346
245.4 347.3
248.2 348.8
251 350.2
253.8 351.5
256.7 352.7
259.7 353.6
262.7 354.4
265.7 355
268.8 355.5
271.9 355.9
275 356
278.1 355.8
281.2 355.2
284.2 354.3
287 353.2
289.8 351.8
292.5 350.2
295.1 348.5
297.6 346.6
299.9 344.5
301.7 342
302.7 339.1
302.9 336
302.6 332.9
301.9 329.9
301.2 326.8
300.4 323.8
299.3 320.9
297.9 318.1
296.3 315.5
294.3 313
292.3 310.7
290 308.6
287.6 306.6
285.1 304.7
282.5 303
279.8 301.5
277 300
274.2 298.7
271.3 297.7
268.2 296.9
265.1 296.7
262 297
259.1 297.8
256.2 299.1
253.7 300.9
251.5 303.2
249.8 305.8
248.5 308.6
247.5 311.5
246.9 314.6
246.6 317.7
246.6 320.8
246.9 323.9
247.4 327
248.1 330
248.7 333
249.4 336.1
250 339.1
250.7 342.2
251.4 345.2
252.2 348.2
253 351.2
254 354.2
255 357.1
256.2 360
257.5 362.8
258.9 365.7
260.3 368.4
261.8 371.1
263.4 373.8
265.1 376.4
266.6 379.1
268.2 381.9
269.6 384.6
271 387.4
272.3 390.2
273.5 393.1
274.6 396
275.7 399
276.6 401.9
277.4 404.9
278.1 408
278.6 411
278.9 414.1
278.9 417.3
278.7 420.3
278 423.4
276.9 426.2
275 428.8
272.6 430.7
269.8 432.1
266.7 432.2
264.1 430.6
262.4 428
261 425.3
259.8 422.3
258.6 419.5
257.6 416.5
256.7 413.6
255.8 410.6
255.1 407.5
254.5 404.5
254 401.4
253.6 398.3
253.3 395.2
253.1 392.1
253 389
253.1 385.9
253.3 382.8
253.6 379.7
254.1 376.6
254.8 373.6
255.8 370.6
257.2 367.8
258.7 365.2
260.5 362.6
262.5 360.2
264.6 357.9
267 355.9
269.6 354.2
272.5 353
275.5 352.3
278.6 352.1
281.7 352.5
284.7 353.5
287.5 354.7
290.2 356.4
292.7 358.2
295 360.2
297.3 362.3
299.5 364.6
301.6 366.8
303.7 369.2
305.7 371.5
307.7 373.9
309.6 376.4
311.5 378.9
313.3 381.4
315 384
316.7 386.6
318.3 389.3
319.8 392
321.2 394.8
322.5 397.6
323.5 400.6
324.3 403.6
324.6 406.7
324.7 409.8
324.4 412.9
323.4 415.8
321.5 418.3
318.8 419.9
315.9 420.9
312.8 421.4
309.8 421.6
306.6 421.7
303.5 421.6
300.4 421.6
297.3 421.5
294.2 421.5
291 421.4
287.9 421.4
284.9 421.4
281.6 421.3
278.6 421.3
275.4 421.3
272.4 421.3
269.2 421.4
266.1 421.4
263 421.5
259.9 421.6
256.8 421.8
253.6 422.1
250.7 422.5
247.6 422.9
244.4 423.5
241.4 424.1
238.4 424.8
235.4 425.6
232.3 426.4
229.3 427.2
226.3 428
223.4 428.8
220.3 429.7
217.4 430.6
214.4 431.6
211.5 432.6
208.5 433.6
205.6 434.7
202.7 435.8
199.9 437
197 438.3
194.1 439.7
191.4 441.2
188.8 442.7
186.3 444.6
184 446.7
182.4 449.3
183.7 452
186.6 452.9
189.7 452.9
192.8 452.4
195.8 451.6
198.7 450.7
201.7 449.5
204.6 448.5
207.5 447.4
210.4 446.4
213.4 445.4
216.3 444.5
219.4 443.6
222.4 442.8
225.3 442
228.3 441.2
231.3 440.6
234.4 439.9
237.5 439.3
240.7 438.8
243.6 438.4
246.8 438.1
249.9 437.8
252.9 437.7
256.2 437.6
259.3 437.7
262.3 437.9
265.5 438.2
268.5 438.6
271.7 439.2
274.6 440
277.5 440.9
280.4 441.9
283.3 443.2
286.2 444.6
288.8 446.1
291.4 447.8
294.1 449.6
296.7 451.2
299.4 452.8
302.1 454.3
305 455.4
308.1 456
311.1 455.3
313.3 453.2
314.4 450.3
313.7 447.3
312.1 444.7
310.1 442.3
307.9 440.1
305.6 438
303.3 435.9
301 433.8
298.7 431.7
296.5 429.5