250.6 304.9
248.6 309.2
247.7 313.7
248.4 318.4
251.2 322.1
255.3 324.4
259.9 325.1
264.5 324.3
268.5 321.9
271.1 318
272.8 313.6
272.7 309
269.6 305.6
265.2 304.1
260.5 303.6
255.8 303.5
251.1 303.5
246.4 303.4
241.6 303.2
237 302.9
232.3 302.4
227.7 301.6
223.2 300.2
219.3 297.7
216.8 293.7
216.4 289.1
217 284.4
219.3 280.2
222.7 276.9
226.3 274.1
230.2 271.5
234.1 268.9
238.1 266.3
242.1 263.8
246 261.3
250 258.7
253.9 256.2
257.9 253.6
261.8 251
265.8 248.4
269.7 245.8
273.6 243.2
277.6 240.6
281.5 238.1
285.5 235.5
289.5 232.9
293.4 230.3
297.4 227.8
301.4 225.4
305.4 223
309.6 220.8
313.9 218.9
318.4 217.8
323.1 217.3
327.9 217.2
332.6 217.3
337.3 217.9
341.6 219.6
344.7 223.1
346.4 227.4
347.6 232
348.7 236.5
349.6 241.3
350.3 245.9
350.9 250.4
351.4 255.2
351.9 259.9
352.2 264.6
352.5 269.2
352.8 274
353 278.6
353.1 283.4
353.3 288.2
353.3 292.8
353.4 297.5
353.4 302.3
353.3 306.8
353.2 311.6
353.1 316.3
352.9 321.1
352.6 325.6
352.3 330.5
351.8 335.2
351.2 339.9
350.6 344.4
349.9 349.1
349.2 353.8
348.6 358.4
348.1 363.1
347.6 367.8
347.2 372.5
346.9 377.2
346.8 381.9
346.7 386.6
346.6 391.3
346.1 396
345.4 400.6
344.3 405.2
342.8 409.6
340.6 413.9
337.9 417.7
334.5 420.8
330.4 423.3
326 424.9
321.4 425.7
316.7 425.9
312 425.8
307.2 425.6
302.6 425.1
297.9 424.3
293.4 422.9
289.2 420.8
285.7 417.7
283.6 413.5
284.2 409
287.6 405.7
292 404.1
296.5 402.7
301 401.5
305.7 400.5
310.3 400
315 400.4
319.3 402.2
322.9 405.2
325.5 409.1
327.7 413.3
329.4 417.7
330.6 422.2
330.7 426.9
329.6 431.5
327.6 435.7
324.9 439.7
322 443.3
318.8 446.7
315.3 449.8
311.4 452.6
307.2 454.7
302.7 455.9
298 456
293.5 454.7
289.4 452.4
285.8 449.4
282.9 445.7
279.5 447
276.3 450.4
271.9 451.6
267.8 449.4
264.5 446
261.4 442.5
258.3 438.9
255.1 435.5
252.2 431.8
249.7 427.8
247.3 423.8
244.6 419.9
241.6 416.2
238.3 412.9
234.6 410
230.7 407.5
226.7 405
222.7 402.4
218.9 399.7
215.1 396.8
211.5 393.7
208.2 390.5
205 387
202.1 383.3
199.3 379.4
196.9 375.4
194.8 371.3
192.9 366.9
191.3 362.6
189.9 358
188.8 353.5
187.9 348.8
187.2 344.1
186.8 339.5
186.5 334.7
186.4 330
186.3 325.3
186.2 320.6
186.1 315.9
186.1 311.2
186.2 306.5
186.2 301.8
186.1 297.1
184.3 293.3
180.4 295.8
176.7 298.7
172.9 301.6
169.2 304.4
165.3 307.2
161.4 309.8
157.4 312.2
153.1 314.2
148.6 315.7
144 316.3
139.3 316.3
134.6 316.1
129.9 315.3
125.4 313.9
121.2 311.9
117.3 309.3
113.8 306.1
110.8 302.5
108.2 298.6
106 294.4
104.3 290.1
102.9 285.5
102.1 280.9
102 276.2
101.9 271.5
102.1 266.8
102.7 262.1
103.9 257.6
105.7 253.2
107.8 249
110.2 245
113.2 241.4
117.2 239
121.9 238.4
126.6 238.9
131.2 239.9
135.8 241
140.4 242.3
144.9 243.6
149.3 245
153.8 246.6
158.1 248.2
162.5 250
166.9 251.9
171.1 253.9
175.4 255.9
179.6 257.8
183.9 259.7
188.5 261.3
192.9 262.4
197.6 263.2
202.3 263.6
207 263.7
211.7 263.5
216.3 262.8
220.8 261.7
225.4 260.2
229.7 258.4
233.9 256.2
238 253.8
241.9 251
245.4 248.1
248.9 244.9
252.2 241.5
255.4 237.9
258.2 234.4
261 230.6
263.7 226.6
266.2 222.6
268.6 218.4
270.7 214.5
272.7 210.2
274.7 205.9
276.5 201.5
278.2 197.1
279.8 192.7
281.2 188.2
282.5 183.9
283.7 179.3
284.8 174.7
285.8 169.8
286.6 165.2
287.4 160.6
288 156
288.4 151.3
288.8 146.6
289 141.9
289.1 137.2
289 132.5
288.8 127.8
288.5 123.1
288.3 118.4
288 113.8
287.7 109.1
287.3 104.3
286.9 99.6
286.5 94.9
286 90.3
285.3 85.6
284.2 81
282.9 84.3
282.8 88.9
282.6 93.7
282.1 98.4
281.6 102.9
280.9 107.5
280.1 112.3
279.3 116.8
278.4 121.5
277.4 126
276.4 130.8
275.3 135.3
274.1 140
272.9 144.6
271.7 149.1
270.4 153.6
269 158.1
267.6 162.6
266.1 167
264.5 171.5
263 175.8
261.3 180.1
259.4 184.6
257.6 188.8
255.6 193.1
253.5 197.4
251.2 201.6
248.8 205.5
246.1 209.6
243.3 213.2
240.4 216.9
237.5 220.6
234.5 224.3
231.6 228
228.6 231.5
225.5 235
222.2 238.4
218.6 241.6
215 244.5
210.9 246.8
206.5 248.4
201.8 248.7
197.2 247.9
192.8 246.1
188.9 243.4
185.5 240.2
182.6 236.5
180.1 232.5
178.2 228.2
176.8 223.7
176 219.1
176 214.4
176.4 209.8
177.5 205
179 200.8
181.4 196.6
184.4 192.9
187.8 189.9
191.8 187.2
196.1 185.2
200.4 183.6
205.1 182.4
209.6 181.5
214.3 180.9
219 180.5
223.7 180.3
228.3 180.4
233 180.5
237.8 180.8
242.6 181.2
247.1 181.7
251.9 182.4
256.6 183.1
261.2 183.8
265.8 184.6
270.5 185.6
275.1 186.5
279.7 187.3
284.4 188.1
288.9 188.8
293.5 189.5
298.4 190.1
302.9 190.6
307.6 191.1
312.3 191.4
317.2 191.6
321.7 191.7
326.4 191.5
331.1 191.2
335.8 190.7
340.4 189.9
345.1 188.7
349.5 187.2
353.8 185.3
357.9 182.9
361.7 180.1
365.2 176.9
368.3 173.5
371.1 169.8
373.8 165.7
376.1 161.7
378.2 157.5
380.2 153.2
382 148.9
383.7 144.5
385.2 140
386.6 135.6
387.9 131
389.1 126.5
390.1 121.9
391 117.3
391.7 112.6
392.3 107.9
392.5 103.2
392.5 98.5
392.5 93.8
392.4 89.1
392.4 84.4
392.2 79.8
392.1 74.9
391.9 70.3
391.7 65.6
391.6 60.9
391.5 56.2
393.2 56
394.9 60.4
396.4 64.9
398 69.4
399.5 73.8
400.9 78.3
402.4 82.8
403.8 87.3
405 91.8
406.2 96.3
407.2 101
408 105.6
408.7 110.2
409.2 115
409.6 119.7
409.9 124.4
410 129.1
410.1 133.7
410.1 138.5
409.8 143.1
409.3 147.9
408.5 152.5
407.5 157
406.1 161.6
404.4 166
402.5 170.2
400.4 174.4
398.1 178.6
395.7 182.7
393.3 186.7
390.2 190.3
386.8 193.5
383.2 196.6
379.5 199.4
375.6 202.1
371.7 204.6
367.6 207
363.5 209.4
359.4 211.6
355.1 213.6
350.9 215.6
346.4 217.3