214.5 421.8
214.3 417.1
214 412.5
213.7 407.8
213.3 403.2
212.8 398.6
212.3 394
211.7 389.4
211.1 384.6
210.5 379.9
209.9 375.3
209.2 370.7
208.5 366.1
207.8 361.5
207.1 356.8
206.4 352.2
205.7 347.6
205.1 343.1
204.4 338.5
203.7 333.8
203.1 329.4
202.5 324.6
201.9 319.9
201.4 315.4
200.9 310.6
200.5 306.1
200.1 301.3
199.8 296.7
199.6 292.1
199.5 287.4
199.5 282.7
199.6 278.2
200 273.3
200.5 268.8
201.2 264
202.2 259.7
203.6 255.2
205.5 250.9
207.9 246.9
210.7 243.2
213.8 239.8
217.2 236.6
220.9 233.7
224.8 231.2
229 229
233.3 227.4
238 226.5
242.5 226.4
247.1 227.4
251.2 229.6
254.6 232.9
257.1 236.7
258.9 240.9
260.2 245.5
261 250
261.4 254.7
261.5 259.4
261.4 264
260.9 268.6
259.9 273.3
258.6 277.7
257 282.1
255.1 286.3
252.7 290.3
249.8 294
246.3 297.1
242.3 299.4
237.9 300.9
233.2 301.7
228.6 301.9
224 301.6
219.6 300.1
216.2 296.9
214.1 292.8
212.8 288.3
212.1 283.7
211.8 279
211.6 274.4
211.8 269.7
212.7 265.1
214.3 260.8
216.6 256.8
219.6 253.1
223 249.9
226.8 247.2
230.8 244.9
235.1 243
239.5 241.3
243.8 239.9
248.4 238.6
252.8 237.6
257.5 236.6
262.2 235.8
266.7 235.1
271.3 234.5
275.9 233.9
280.5 233.3
285.1 232.7
289.8 232.2
294.5 231.5
299.2 230.8
303.7 230
308.3 229.5
312.9 229.5
317.7 230.1
322.2 231.2
326.5 232.7
330.7 234.9
334.5 237.6
338 240.6
341.1 244.1
343.9 247.8
346.4 251.7
348.6 255.8
350.6 260
352.4 264.3
354 268.7
355.5 273.1
356.9 277.6
358.2 282.1
359.5 286.5
360.8 291
362.1 295.6
363.5 300
365.2 304.4
367 308.7
369 312.8
371.1 317.1
373.2 321.2
375.4 325.3
377.7 329.3
380.1 333.4
382.5 337.4
384.8 341.3
387.2 345.4
389.6 349.5
391.9 353.5
394 357.6
396 361.8
397.8 366.2
399.1 370.6
399.9 375.2
400.2 379.9
400.7 384.5
401.2 389.2
401.7 393.8
402.1 398.5
402.4 403.1
402.5 407.7
402.3 412.5
401.6 417.1
400.1 421.4
397.4 425.2
393.8 428.2
389.8 430.6
385.6 432.7
381.4 434.7
377.3 436.9
373.9 440.1
372.5 444.5
372.1 449.1
373.8 453.3
377.9 455.4
382.5 456
387.2 455.9
391.9 455.6
396.5 455.1
400.9 453.6
404.6 450.8
407.1 447
408.7 442.5
409.5 438
410 433.3
410.4 428.7
410.7 424
411.2 419.4
413.6 415.5
415.7 411.4
416.6 406.8
417.1 402.1
417.3 397.5
417.4 392.8
418.2 388.2
419.5 383.7
420.9 379.3
422 374.7
422.6 370.1
422.5 365.5
421.7 360.9
419.5 357.1
415.8 354.2
412.7 350.8
410 346.9
407.9 342.7
406.3 338.4
405.1 334
404.2 329.2
403.6 324.7
403.1 320
402.9 315.4
402.7 310.8
402.7 306.2
402.7 301.4
402.8 296.6
402.9 292.1
403 287.5
403.1 282.8
403.2 278.2
403.2 273.5
403.2 268.8
403.2 264.1
403 259.5
402.7 254.6
402.2 250
401.6 245.5
400.8 240.9
399.8 236.3
398.5 231.9
397 227.5
395.1 223.2
392.9 219.1
390.3 215.2
387.6 211.5
385 207.6
382.7 203.4
380.9 199.2
379.4 194.8
378.4 190.2
377.7 185.6
377.3 180.9
376.9 176.4
376.4 171.6
375.5 167.1
374 162.7
371.9 158.5
369.4 154.6
366.4 151
363.3 147.5
360.1 144.1
356.8 140.8
353.3 137.8
349.5 135.2
345.2 133.3
340.6 132.4
335.9 132.3
331.3 133
326.8 134.1
322.4 135.7
318.1 137.3
313.7 139
309.3 140.7
305 142.3
300.4 142.6
295.7 142.1
291.3 140.6
288.3 137.2
286.7 132.8
283.8 129.2
279.7 126.9
275.2 125.7
270.6 125.7
266 126.6
261.7 128.2
257.4 130.3
253.5 132.7
249.8 135.5
246.3 138.6
242.9 141.9
239.8 145.3
236.9 149
234.4 153
232.3 157.2
230.4 161.4
228.4 165.7
226.6 169.9
224.7 174.2
222.9 178.5
221 182.8
219.2 187
217.3 191.3
215.4 195.6
213.5 199.7
211.5 203.9
209.5 208.2
207.4 212.5
205.4 216.5
203.2 220.7
200.9 224.8
198.5 228.7
195.8 232.7
193.1 236.3
189.8 239.7
186 242.4
182 244.9
178 247.2
173.7 249
169.3 250.2
164.6 250.6
159.9 250.1
155.5 248.8
151.3 246.6
147.5 243.9
144.1 240.8
140.9 237.4
138.2 233.7
135.9 229.6
134 225.3
132.6 220.9
131.6 216.4
130.9 211.6
130.6 206.9
130.6 202.3
130.8 197.7
131.2 193.1
131.8 188.6
132.6 183.8
133.5 179.2
134.5 174.6
135.6 170
136.7 165.7
138 161.1
139.3 156.7
140.6 152.3
141.9 147.8
143.3 143.1
144.5 138.7
145.7 134.4
146.9 129.8
147.9 125.2
148.5 120.6
148.7 115.8
147.7 111.3
144.9 107.7
140.8 105.8
136.1 105.6
131.4 106.3
126.9 107.4
122.5 108.7
117.9 110.2
113.5 111.6
109.1 112.9
104.6 114
99.9 114.6
95.4 114.1
91.5 111.5
89.8 107.2
89.4 102.6
90.2 97.9
91.9 93.7
94.5 89.8
97.7 86.4
101.3 83.5
105.2 81
109.3 78.7
113.5 76.8
117.9 75.1
122.4 73.7
126.9 72.6
131.4 71.6
136 70.9
140.7 70.5
145.4 70.3
150.1 70.5
154.7 71.1
158.5 69
160.9 65
162 60.5
161.4 56
157.2 56.4
154.2 59.9
153.1 64.4
153.6 69
155.3 73.4
159 75.5
162.9 73
165.1 76.6
163.5 81
161 84.9
157.9 88.4