186.2 312.6
187.3 308.3
188.3 304
189.4 299.8
190.4 295.5
191.5 291.3
192.5 287
193.5 282.7
194.4 278.4
195.3 274.1
197.1 270.2
201.2 268.9
205.6 268.9
210 269
214.5 269.2
218.8 269.3
223.2 269.4
227.6 269.5
232 269.6
236.4 269.6
240.8 269.7
245.3 269.7
249.5 269.7
253.9 269.6
258.3 269.5
262.8 269.3
267.1 269
271.6 268.5
275.9 268
280.3 267.4
284.6 266.8
288.9 266.1
293.3 265.4
297.7 264.6
302.1 263.9
306.3 263.2
310.6 262.5
315 261.8
319.4 261.3
323.8 260.8
328.1 260.5
332.5 260.2
336.9 260.1
341.3 260.1
345.7 260.2
350.1 260.4
354.5 260.6
358.9 260.9
363.3 261.1
367.7 261.2
372.1 261.2
376.5 261.2
380.9 261.2
385.3 261.2
389.7 261.5
393.9 262.5
398.1 263.7
402.2 265.4
405.6 268.2
407.3 272.2
407.7 276.5
408.2 281
408.6 285.3
409.1 289.7
409.8 294
410.5 298.3
411.5 302.6
413.4 306.6
416.4 309.7
420.3 311.4
423 308.2
424.1 303.9
424.4 299.5
424.4 295.1
424.2 290.8
423.9 286.3
423.4 282
423.1 277.6
422.9 273.2
422.8 268.8
422.9 264.4
423.1 260
423.5 255.7
424 251.3
424.8 246.9
425.7 242.6
426.7 238.4
427.7 234.1
428 229.7
426.5 225.6
425.9 221.7
430.1 220.6
434.4 219.5
438.6 218.1
442.6 216.4
446.4 214.1
449.8 211.3
452.9 208.2
455.5 204.7
456 200.4
452.6 199.4
448.4 200.5
444.2 201.9
440.1 203.4
436 205
431.9 206.7
427.8 208.4
423.8 210.2
419.8 212.2
415.9 213.9
411.8 215.6
407.6 217
403.5 218.3
399.1 219.3
394.9 220.2
390.5 221
386.2 221.7
381.9 222.4
377.5 223.2
373.2 224.2
369 225.4
364.7 226.7
360.6 228.1
356.4 229.3
352.1 230.3
347.7 231.1
343.5 231.8
339 232.4
334.8 232.9
330.4 233.4
325.9 233.9
321.5 234.3
317.3 234.7
312.8 235.1
308.4 235.5
304 235.8
299.7 236.1
295.3 236.4
290.9 236.7
286.5 236.9
282.1 237.2
277.8 237.4
273.3 237.5
269 237.5
264.6 237.6
260.2 237.6
255.7 237.6
251.3 237.5
246.9 237.4
242.6 237.3
238.2 237
233.8 236.7
229.4 236.3
225 235.8
220.6 235.2
216.3 234.5
212 233.8
207.6 232.9
203.3 232
199.1 231
194.8 229.9
190.6 228.8
186.4 227.6
182.1 226.3
177.9 224.9
173.8 223.5
169.6 222.1
165.4 221
161 220.4
156.6 220.2
152.3 220.8
148.2 222.3
144.5 224.7
141.5 228
139.3 231.7
137.7 235.8
136.5 240
135.5 244.4
134.8 248.7
134.2 253
133.8 257.4
133.6 261.8
133.5 266.2
133.6 270.7
134 275.1
134.5 279.3
135.2 283.7
136.3 288
137.7 292.1
139.6 296.1
142.2 299.7
145.4 302.6
149.3 304.5
153.6 304.1
156.4 300.8
158.2 296.7
159.8 292.7
161.1 288.6
162.4 284.2
163.4 280.1
164.2 275.7
164.9 271.3
165.5 266.9
165.9 262.5
166.2 258.2
166.3 253.8
166.4 249.4
166.3 245
166.1 240.6
165.9 236.3
165.5 231.8
165 227.6
164.4 223.1
163.6 218.8
162.6 214.5
160.8 210.5
158.4 206.8
155.3 203.7
151.5 201.7
147.1 201.5
143.2 203.4
140 206.4
136.9 209.5
133.7 212.5
130.5 215.5
127.2 218.5
123.8 221.4
120.5 224.1
116.9 226.8
113.3 229.4
109.7 231.7
106 234
102 236.2
98.2 238.2
94.2 240.2
90.3 242.3
86.4 244.3
82.4 246.3
78.7 248.3
74.8 250.4
70.9 252.6
67.1 254.7
63.2 256.9
59.5 259.2
56 261.8
56.1 265.4
60.2 266.9
64.4 268
68.8 268.7
73.2 268.8
77.5 268.4
81.9 267.7
86.2 266.8
90.5 265.7
94.7 264.7
99 263.7
103.4 262.7
107.6 261.9
111.9 261.3
116.3 260.7
120.7 260.4
125.1 260.3
129.5 260.3