159.2 285.3
154 282.9
149.2 279.7
144.2 277.3
138.6 276
133.1 274.7
127.5 273.2
121.8 272.4
116.1 272.5
110.4 272.8
104.7 273
99 272.9
93.3 272.4
87.7 271.3
82.2 270
76.7 268.2
71.4 266.1
66.4 263.4
61.9 259.8
58.9 255
58.4 249.4
61.7 244.9
66.8 242.4
72.2 240.6
77.6 238.7
82.9 236.6
88.4 234.7
93.9 233.2
99.3 231.6
97.3 229.6
91.6 228.9
85.9 228.2
80.3 227.3
74.7 226.1
69.2 224.4
64 222.1
59.4 218.8
56.2 214.1
56 208.6
60 204.7
65.3 202.3
70.7 200.6
76.2 199.3
81.9 198.2
87.5 197.4
93.2 196.7
98.9 196.2
104.6 195.8
110.4 195.6
116.1 195.5
118.2 192.8
113.6 189.5
108.7 186.5
104 183.3
99.5 179.8
95.3 176
91.4 171.7
88.2 167
85.7 161.9
84.4 156.3
84.6 150.6
88 146.3
93.6 146.9
99.1 148.6
104.4 150.6
109.7 152.9
114.8 155.4
119.9 158
124.9 160.8
129.8 163.7
134.6 166.7
139.4 169.9
144.1 173.1
148.7 176.4
153.3 179.9
157.9 183.3
162.3 186.9
166.7 190.5
171 194.3
175.3 198.2
179.4 202.1
183.4 206.1
187.4 210.3
191.1 214.6
194.8 219
198.1 223.6
201.1 228.5
204.7 232.9
209.4 236.2
214.4 238.8
219.8 240.8
225.3 242.3
230.9 243.1
236.6 243.9
242.1 245.6
247.5 247.3
253.1 248.7
258.7 248.2
264.2 246.4
269.3 243.8
273.5 240
270.9 235.2
266.2 232
261.1 229.3
256 226.8
250.9 224.2
246 221.2
241.7 217.5
239.5 212.4
243.2 208.4
248.6 206.5
254.1 204.8
252.5 201.5
247.1 199.6
241.6 198.1
236.1 196.5
230.8 194.5
225.7 191.8
221.1 188.6
217.3 184.3
216.5 178.9
220.1 174.4
225 171.6
230.4 169.5
235.8 167.8
241.2 166
246.2 163.3
243.6 158.8
238.9 155.6
234.1 152.5
229.2 149.6
224.4 146.5
219.7 143.1
215.4 139.4
211.6 135.1
209.3 130
211.9 125.3
217.3 123.5
222.9 122.8
228.7 122.6
234.4 122.8
240.1 122.8
245.8 122.9
251.5 122.9
257.3 122.8
262.9 122.3
267 119.4
263.5 114.9
259.2 111.3
254.6 107.9
250 104.4
245.5 100.9
241 97.4
236.6 93.8
232.2 90.1
227.9 86.4
223.6 82.5
219.6 78.4
216 74.1
212.9 69.2
211.2 63.8
213.4 58.8
218.6 56.6
224.3 56.1
230 56.3
235.6 56.9
241.4 57.9
246.9 59.2
252.4 60.7
257.8 62.5
263.3 64.4
268.5 66.4
273.8 68.5
279.1 70.8
284.2 73.1
289.5 75.6
294.6 78.1
299.7 80.8
304.7 83.5
309.7 86.3
314.6 89.2
319.5 92.2
323.8 95.8
327.9 99.7
332 103.7
336 107.8
339.9 112.1
343.7 116.4
347.5 120.8
351.1 125.2
354.6 129.7
358.1 134.2
361.4 138.7
364.7 143.3
367.9 148
371.2 152.9
374.3 157.7
377.3 162.6
380.3 167.5
383.2 172.5
385.8 177.3
388.5 182.4
391 187.6
393.5 192.8
395.7 197.8
398 203.2
400.1 208.6
401.9 213.8
403.7 219.5
405.1 224.8
406.4 230.6
407.3 236
408 241.8
408.2 247.4
407.3 253.1
402.8 256.5
397.5 258.5
391.9 259.4
386.3 259.9
390.7 263.2
395.8 265.8
401 268.2
406.2 270.5
411.5 272.7
416.9 274.6
422.4 276.1
428 277.1
433.7 277.9
439.3 279.1
444.2 281.9
448.3 286
451.3 290.8
452.4 296.3
452 302
456 305.9
456 308.3
450.4 307
444.8 305.8
439.2 304.9
433.5 305.2
427.9 306.6
422.8 309.1
418 312.1
413.2 315.2
408 317.7
402.6 319.3
396.9 320.4
391.2 320.8
385.7 319.4
380.7 316.7
376 313.4
371.8 309.5
368 305.3
363.9 301.4
361.6 299.4
366.6 302.2
371.5 305.1
376 308.5
380.2 312.5
383.8 317
386.9 321.7
389.3 326.9
390.7 332.4
390.8 338.1
389.8 343.8
388 349.2
385.4 354.3
382 358.9
378.6 363.5
375.2 368.1
371.6 372.6
367.6 376.5
363 380
358.2 383.1
353.3 386
348.3 388.8
343.2 391.4
338.1 393.9
333 396.5
327.8 399.1
322.8 401.7
317.8 404.3
312.6 406.9
307.5 409.5
302.4 412
297.3 414.5
292.1 417
286.9 419.5
281.8 421.9
276.7 424.3
271.4 426.7
266.1 429
260.9 431.2
255.6 433.3
250.3 435.3
244.9 437.2
239.4 439
234 440.7
228.6 442.3
223 443.9
217.4 445.4
211.9 446.8
206.4 448.1
200.9 449.4
195.3 450.6
189.7 451.7
184 452.8
178.5 453.7
172.8 454.5
167 455.2
161.3 455.7
155.6 455.9
150 455.7
144.2 455.4
138.5 455
132.9 454.4
127.3 453.7
121.5 452.9
115.9 452
110.2 451
104.6 449.8
99.1 448.5
93.5 446.9
88.2 445.1
82.9 442.7
78.2 439.7
74.7 435.3
75.7 429.9
79.6 425.8
84.2 422.2
88.9 419.2
93.9 416.4
99 413.8
104.1 411.4
109.4 409.1
114.7 407
120.1 405
125.5 403.2
130.9 401.4
136.4 399.6
141.8 397.9
147.3 396.1
152.7 394.3
157.7 391.8
153 389.7
147.3 388.8
141.6 387.9
136 387
130.4 385.9
124.7 384.8
119.3 383.6
113.6 382.1
108.2 380.5
102.8 378.5
97.9 375.8
96.5 371
101.2 367.7
106.5 365.8
112.1 364.2
117.6 362.9
123.3 361.8
128.9 360.8
134.5 359.9
140.2 359.1
145.8 358.2
151.5 357.4
157.2 356.7
162.8 355.9
168.5 355.2
174.1 354.4
178.8 352.5
173.5 350
168.3 347.7
163.3 345.1
158.5 342
154.4 338.1
151.8 333
151.9 327.3
154.4 322.2
158.4 318.1
162.9 314.8
168 312
173.2 309.5
178.4 307.4
183.8 305.5
189.3 304.1
195 303.1
200.7 302.7
206.4 302.9
212.1 303.5