239.8 453
239.8 449
240.2 445
243.4 444.4
247 446
250.9 446.8
254.8 447.8
258.3 449.6
261 452.5
262.5 456
262.4 452
262.7 448.1
263 444.1
263.3 440.1
263.7 436.1
264 432.2
264.3 428.3
264.6 424.3
264.8 420.3
265 416.4
265.1 412.4
265.1 408.3
265.1 404.3
264.8 400.4
264.2 396.4
263.7 392.4
263.4 388.5
263.3 384.6
263.2 380.6
263.2 376.6
263.3 372.6
263.4 368.6
263.6 364.7
263.7 360.7
263.9 356.7
264.1 352.7
264.3 348.8
264.5 344.8
264.6 340.8
264.8 336.9
264.9 332.8
265 328.9
265.1 324.8
265.1 321
265.1 316.9
265 313.1
264.9 309
264.7 304.9
264.6 301.1
264.3 297
264 293
263.7 289.2
263.2 285.1
262.5 281.2
261.5 277.3
260.5 273.5
259.3 269.8
258 266
256.6 262.2
255 258.6
253.3 255
251.5 251.5
249.4 248.1
247.1 244.8
244.6 241.7
241.8 238.8
239 236.1
236.2 233.3
233.2 230.6
229.9 228.4
226.1 228.8
222.8 231
219.7 233.5
216.7 236.2
213.9 239
211.2 241.8
208.5 244.8
205.8 247.7
202.9 250.4
199.4 252.3
195.9 250.6
192.7 248.3
189.6 245.8
186.6 243.1
183.8 240.3
181.2 237.3
179.2 233.9
177.5 230.3
176.2 226.5
175.2 222.7
174.4 218.8
173.9 214.8
173.5 210.9
173.4 206.9
173.7 202.9
174.3 199
175.2 195.1
176.3 191.3
177.5 187.6
178.9 183.8
180.4 180.1
182 176.5
183.6 172.8
185.3 169.2
187 165.6
188.6 162
190.3 158.3
191.9 154.6
193.1 150.9
194 147
194.8 143.1
195.5 139.2
196.1 135.2
196.8 131.3
197.5 127.4
198.5 123.6
199.7 119.8
201 116
201.9 112.1
202.4 108.2
202.4 104.2
201.7 100.3
200.5 96.5
198.8 93
196.6 89.6
194 86.6
191 84
187.8 81.6
184.3 79.8
180.6 78.4
176.6 78.3
172.7 79.2
169.2 81
166.2 83.6
163.8 86.8
162.1 90.4
161.1 94.2
160.5 98.2
160.4 102.1
160.6 106.1
161.1 110.1
161.9 113.9
162.5 117.9
160.5 114.5
159.1 110.8
157.9 107
157.3 103.1
157.1 99.1
157.2 95.1
157.5 91.2
158 87.2
158.8 83.3
159.9 79.5
161.3 75.8
163.2 72.2
165.4 68.9
168.1 66
171.3 63.6
174.8 61.8
178.6 60.7
182.6 60.2
186.5 60.2
190.4 61
194.1 62.5
197.7 64.2
201.6 64.6
203 61.4
203.3 57.6
206.8 56
210.8 56.3
214.2 58.3
216.8 61.3
218.6 64.8
219.8 68.6
220.7 72.5
221.2 76.5
221.5 80.4
221.7 84.4
221.7 88.4
221.5 92.4
221.2 96.4
220.9 100.2
220.4 104.3
219.7 108.2
219 112.2
218.3 116
217.4 119.8
216.5 123.7
215.5 127.7
214.4 131.5
213.3 135.2
212.1 139
210.9 142.9
209.7 146.7
208.4 150.4
207.2 154.2
205.9 158
204.6 161.7
203.3 165.5
202 169.3
200.9 173.1
199.7 176.9
198.7 180.7
197.9 184.7
197.3 188.7
197.4 192.6
198.4 196.1
199.7 192.3
201.6 188.8
203.8 185.5
206.2 182.4
208.8 179.3
211.5 176.4
214.3 173.6
217.2 170.9
220.2 168.2
223.2 165.7
226.4 163.1
229.6 160.8
232.8 158.5
236.1 156.3
239.5 154.3
243 152.4
246.6 150.7
250.3 149.2
254.2 148
258 147.1
261.9 146.7
265.9 146.3
269.8 146.1
273.9 146
277.8 146
281.9 146.3
285.8 146.8
289.6 147.5
293.5 148.4
297.4 149.5
301.1 150.9
304.8 152.5
308.3 154.2
311.8 156.2
315.2 158.3
318.4 160.7
321.5 163.2
324.5 165.8
327.4 168.5
330.1 171.3
332.7 174.5
334.8 177.7
336.7 181.3
338.5 185
340 188.4
341.5 192.3
342.8 196
344.1 199.9
345.2 203.5
346.2 207.4
347.2 211.2
348.1 215
349 219.1
349.8 222.9
350.5 226.8
351.2 230.7
351.8 234.8
352.3 238.5
352.9 242.6
353.3 246.6
353.7 250.6
354.1 254.6
354.4 258.6
354.6 262.5
354.7 266.5
354.9 270.4
354.9 274.4
354.9 278.4
354.8 282.3
354.7 286.3
354.5 290.2
354.1 294.4
353.8 298.3
353.3 302.2
352.7 306.1
352.1 310
351.1 312.1
349.6 308.4
347.9 304.8
346.1 301.3
344.2 297.8
342.1 294.4
339.9 291.1
337.4 287.9
334.8 285
332 282.2
329.1 279.5
326 277
322.8 274.6
319.5 272.4
316.1 270.3
312.6 268.3
309.1 266.4
305.6 264.6
302.1 262.8
298.5 261.2
294.8 259.6
291.1 258.1
287.4 256.7
283.5 255.4
279.8 254.3
275.9 253.3
272 252.5
268 251.9
264.1 251.7