115.3 105.3
112.2 108.8
109 112.4
105.7 115.9
102.4 119.3
99 122.6
95.5 125.8
91.9 128.9
88.2 131.8
84.2 134.4
80.1 136.8
75.8 138.8
71.5 140.7
67.1 142.5
62.7 144.5
59 147.3
59.3 151.7
62.1 155.5
62.4 160.1
59 162.2
56 158.6
58.3 155.2
62.9 155.5
65.1 159.4
63.3 163.7
62.1 168.1
63 171.7
66.9 169
70.6 166
74.2 163
77.8 159.9
81.5 156.9
85.2 153.9
88.9 151.4
85.8 155.1
82.5 158.5
79.2 161.8
75.7 165.1
72.2 168.4
68.7 171.5
70.1 172.8
74.8 172.8
79.6 172.6
83 169.4
85.4 165.3
87.8 161.2
91.8 158.9
96.5 158.9
101.3 159.4
106 160.1
110.6 160.6
115.4 160.9
120.2 161
124.9 160.7
129.6 159.9
134.1 158.6
138.5 156.6
142.3 153.8
145.5 150.3
148.1 146.3
150 142.1
151.4 137.6
152.1 132.8
151.6 128.1
149.3 124
145 122.4
140.3 123.2
135.9 125.1
131.9 127.6
128.3 130.6
125.6 134.6
125.6 139.1
129.3 141.9
134 141.5
137.5 138.5
139.3 134.1
139.8 129.4
138.6 124.9
135.1 121.7
130.7 120.2
125.9 119.8
121.2 119.7
116.4 120
111.8 121.1
107.8 123.6
105.3 127.6
106.4 131.9
110.3 134.5
115 135
119.1 132.8
120.8 128.5
121.7 123.8
122.7 119.2
124 114.6
125.7 110.2
128.2 106.2
131.5 102.8
135.2 99.7
138.6 96.4
141.2 92.5
142.4 87.9
142.4 83.2
142.1 78.4
141.7 73.7
144.8 76.6
147.8 80.3
150.2 84.3
149.8 89
149.3 93.7
148.7 98.4
152.2 98.4
155.8 95.3
159.4 92.2
163.1 91.4
161.6 95.8
159.5 100.1
159.1 103.6
163.4 101.4
167.4 98.9
171.6 96.6
173.3 99.6
172.9 104.3
173.7 107.4
177.9 105.1
182.1 102.8
186.5 101.1
190 102.5
188 106.8
187 110.8
191.6 109.7
196.1 108.2
200.8 107.5
202.6 110.8
200 114.8
197.6 118.1
202.2 116.9
207 116.8
211.6 117.5
213.7 121.2
211.1 125.1
207.7 128.4
204.8 132.1
208.2 134.7
212.9 135.3
217.6 135.6
222.3 136.2
227 137.3
231.2 139.3
232.9 143.3
229.8 146.8
229.8 148.6
234.6 148.2
239.3 148.3
243.9 149.5
247.6 152.4
249.2 156.8
248.6 161.5
248.4 165.9
253.2 165.8
257.9 165.5
261 168.5
261 173.3
260.6 178
257.3 181.3
253.9 184.6
257.4 187.4
261.7 189.4
265.9 191.6
269.6 194.5
269.4 198.6
265.8 201.6
265.7 203.2
270.3 204.4
274.7 206.2
278.2 209.3
279.7 213.7
282.6 217.4
286.9 219.3
291.6 220.3
296.3 220.8
301 221
305.7 221.1
310.5 221
315.3 220.8
320 220.6
324.8 220.3
329.5 219.9
334.1 219.4
338.8 218.8
343.5 218.1
348.3 217.3
353 216.5
357.5 215.5
362.2 214.5
366.9 213.4
371.4 212.3
376.1 211.2
380.8 210.1
385.4 209.2
390.1 208.4
394.9 207.8
399.5 207.5
404.3 207.5
409 207.8
413.7 208.3
418.4 209
423 210.1
427.5 211.4
432 213.2
436.3 215.3
440.3 217.8
443.9 220.8
447.2 224.3
450 228.2
452.2 232.4
453.9 236.8
455.1 241.4
455.7 246.1
456 250.8
455.9 255.6
455.6 260.4
455 265
454.2 269.7
453.2 274.4
451.8 278.8
450.2 283.4
448.3 287.7
446 291.8
443.4 295.9
440.6 299.7
437.4 303.3
434.2 306.6
430.9 310.1
427.8 313.7
424.8 317.4
421.9 321.1
419 324.9
416.3 328.8
413.8 332.9
411.5 336.9
409.4 341.2
407.8 345.7
406.8 350.3
406.9 355.1
408.8 359.4
412.4 362.4
415.8 360.4
415.3 355.7
412.1 352.5
408.2 355
406.3 359.3
405 363.8
403.8 368.4
402.6 373
401.5 377.6
400.5 382.2
399.5 386.9
398.6 391.6
397.7 396.3
396.9 400.9
396.3 405.6
396.1 410.4
396.2 415.1
396.3 419.8
393.6 423.6
389.6 426.2
385.5 428.6
381.5 431
378.1 434.3
379.7 438.3
384 437
386.4 433
387.5 428.4
388 423.6
388.1 418.9
388.2 414.2
388.1 409.4
388.1 404.6
388.2 399.9
388.4 395.1
388.9 390.4
389.4 385.7
390 381
390.3 376.3
390.6 371.5
390.8 366.7
390.9 362
391 357.3
391 352.5
391 347.8
390.9 343
390.9 338.3
390.8 333.5
390.8 328.8
390.8 324
390.7 319.2
390.7 314.5
390.7 309.8
390.7 305.1
390.7 300.3
390.7 295.5
390.8 290.8
390.8 286.1
390.9 281.3
390.9 276.5
391 271.8
391.4 267.1
394.2 263.4
398.7 263.1
400.3 267.3
398.4 271.7
395.7 275.5
392.4 279
389 282.2
385.4 285.3
381.7 288.4
377.9 291.3
374.2 294
370.2 296.8
366.2 299.4
362.2 301.8
358 304.2
353.9 306.5
349.7 308.7
345.3 310.8
341.1 312.6
336.7 314.5
332.3 316.2
327.7 317.8
323.4 319.1
318.7 320.5
314 321.6
309.5 322.6
304.8 323.4
300 324.1
295.2 324.6
290.5 325
285.9 325.1
281.1 325.1
276.3 324.9
271.5 324.6
266.9 324.1
262.3 323.6
257.5 322.8
252.7 321.9
248.2 320.9
243.5 319.7
239.1 318.5
234.4 317
230.1 315.4
225.6 313.7
221.3 311.7
217.1 309.7
212.8 307.4
208.7 305
204.7 302.5
200.9 299.7
197.1 296.8
193.5 293.7
190.1 290.4
186.9 286.8
183.9 283.1
181.2 279.2
178.9 275.1
176.9 270.9
175.4 266.3
174.4 261.8
174 256.9
174 252.2
174.4 247.4
175 242.7
176 238.1
177.4 233.5
179.4 229.3
182 225.3
185.3 221.9
189.2 219.2
193.6 217.5
198.3 216.6
203 216.6
207.6 217.9
211.2 220.9
213.4 225.1
214.4 229.7
214.6 234.4
214.4 239.2
214 243.9
213.4 248.6
212.6 253.3
211.6 258
210.5 262.6
209.2 267.1
207.7 271.7
206 276.1
204.1 280.5
202.1 284.8
199.8 288.9
197.5 293.1
195.2 297.2
192.8 301.3
190.3 305.3
187.5 309.2
184.4 312.8
180.9 316.1
177.4 319.2
173.8 322.3
170.3 325.5
166.9 328.7
163.5 332.1
160.2 335.5
157.1 339
154.1 342.7
151.3 346.7
149 350.8
147.3 355.2
146.6 359.9
146.4 364.6
146.3 369.4
146.6 374.1
147.3 378.8
148.4 383.5
149.8 388
151.5 392.4
153.4 396.8
155.3 401.1
157.3 405.4
159.5 409.7
162.3 413.4
166.7 415.3
171.4 415.2
176.1 415.8
180.1 418.2
181.2 422.5
180.3 427.2
176.5 427.5
173.1 424.2
170.6 420.2
170.1 415.5
169.4 410.9
167.5 406.5
165.1 402.4
162.6 398.4
160 394.4
157.3 390.5
154.6 386.6
151.9 382.7
149.2 378.7
146.7 374.7
144.3 370.6
142.1 366.4
140.4 362
139.6 357.3
139.8 352.6
140.4 347.9
141.8 343.3
144 339.1
146.9 335.4
150.1 331.9
152.9 328.1
155.4 324
157.8 319.9
159.9 315.6
161.8 311.3
163.4 306.8
164.7 302.3
165.5 297.6
165.6 292.9
164.9 288.1
164 283.5
162.8 278.9
161.7 274.3
160.6 269.7
159.7 265
159 260.3
158.7 255.6
158.8 250.8
159.1 246.1
159.6 241.4
160.6 236.7
161.9 232.1
163.6 227.7
165.3 223.3
166.9 218.8
167.8 214.2
168.2 209.4
168 204.7
167.7 200
167.2 195.2
166.4 190.6
165.1 186
163.3 181.6
161 177.4
158.5 173.4
155.8 169.4
153.1 165.6
150.2 161.8