94.7 197.3
90.4 197.4
86 197.7
81.7 198.4
77.5 199.4
73.4 200.8
69.3 202.5
65.3 204.1
61.1 205.3
57.4 203.6
56.4 199.4
56 195.1
56.1 190.7
56.8 186.5
57.8 182.2
59.2 178
60.9 174.1
62.8 170.1
65 166.3
67.4 162.6
69.9 159.1
72.6 155.7
75.4 152.4
78.3 149.1
81.4 146.1
84.6 143.1
87.6 139.9
88.2 135.7
87.2 131.5
86.8 127.1
86.9 122.7
87.5 118.4
88.5 114.2
89.9 110.1
91.5 106
93.5 102.1
95.8 98.4
98.4 94.9
101.2 91.6
104.3 88.5
107.7 85.8
111.3 83.4
115.2 81.4
119.3 79.8
123.5 78.8
127.9 78.3
132.2 78.4
136.5 79.1
140.7 80.4
144.5 82.4
148 85.1
150.9 88.3
153.4 91.9
155.4 95.8
157 99.9
158.2 104.1
159.1 108.3
159.6 112.6
159.7 117
159.1 121.3
158.1 125.5
156.6 129.6
154.6 133.5
152.1 137.1
149.2 140.3
145.7 142.9
141.6 144.5
137.3 145.1
136 146.7
140.1 148.2
144.1 150.1
148.1 152.1
152 154.1
155.4 156
159.2 158.1
163 160.4
166.7 162.7
170.5 165.1
174.2 167.6
177.8 170.2
181.4 172.8
184.6 175.4
187.8 177.9
191.2 180.8
194.6 183.8
197.9 186.8
201.1 189.9
204.2 193
207.2 196.3
210 199.3
212.9 202.6
215.7 206
218.2 209.2
220.9 212.7
223.5 216.3
226.1 219.9
228.5 223.5
230.9 227.3
233.2 231
235.4 234.8
237.6 238.6
239.7 242.5
241.7 246.4
243.6 250.4
245.5 254.3
247.3 258.3
248.9 262
250.6 266.1
252.2 270.2
253.7 274
255.2 278.1
256.7 282.2
258.1 286.4
259.4 290.6
260.8 294.8
262 299
263.3 303.2
264.4 307.5
265.6 311.7
266.7 316
267.8 320.2
268.8 324.5
269.8 328.4
270.8 332.7
271.8 337
272.7 341.3
273.7 345.6
274.6 349.9
275.5 354.2
276.4 358.5
277.3 362.4
278.2 366.7
279.1 371.1
280.1 375.7
281 379.8
282 384
282.7 388.3
283.2 392.6
285 396.2
289.4 396
293.7 395.1
297.9 394.3
302.2 393.3
306.5 392.2
310.6 390.9
314.7 389.5
318.7 387.9
322.8 386.1
326.6 384.2
330.5 382
334.2 379.8
337.9 377.3
341.4 374.7
344.7 372.1
348 369.2
351.2 366.1
354.2 363
357 359.7
359.8 356.2
362.3 352.7
364.6 349
366.8 345.2
368.9 341.5
371.1 337.6
373.2 333.9
375.3 330
377.3 326.2
379.3 322.2
381.1 318.3
382.9 314.3
384.5 310.3
386 306.3
387.5 302
388.8 297.9
390 293.8
391.1 289.5
392 285.2
392.8 280.9
393.5 276.7
394.1 272.4
394.5 267.9
394.8 263.7
395 259.2
395.1 254.9
395 250.5
394.8 246.1
394.3 241.8
393.8 237.6
393 233.2
392.1 228.9
391 224.7
389.7 220.6
388.3 216.4
386.7 212.4
385 208.4
383 204.5
380.9 200.7
378.7 196.9
376.3 193.2
373.8 189.8
371.1 186.3
368.2 183
365.2 179.8
362.1 176.8
358.8 173.9
355.4 171.2
351.8 168.6
348.2 166.3
344.3 164.2
340.4 162.3
336.2 160.7
332.2 159.5
327.8 158.7
323.5 158.5
319.2 159.1
315.1 160.6
311.4 162.8
308 165.6
304.9 168.8
302.3 172.2
299.9 175.8
297.7 179.6
295.8 183.6
294.2 187.6
292.9 191.7
291.7 195.9
290.8 200.2
290.2 204.6
289.8 208.9
289.7 213.3
290 217.7
290.7 221.9
291.8 226.2
293.2 230.3
295.1 234.2
297.3 237.9
300.1 241.3
303.5 243.9
307.8 244.2
311.9 242.8
316 241.5
316.9 242.7
313.2 244.9
309.4 247.1
305.5 249.1
301.6 251.2
297.8 253.2
293.8 254.9
289.5 255.8
285.2 255.6
281.1 254.3
277.3 252.1
273.8 249.4
270.6 246.3
268.1 243
265.8 239.1
264 235.3
262.5 231
261.3 226.8
260.4 222.6
259.8 218.5
259.4 214.1
259.1 209.7
259.1 205.4
259.3 200.8
259.6 196.6
260.2 192.4
260.9 187.9
261.8 183.5
262.8 179.5
264.1 175.2
265.6 171
267.1 167.1
268.8 163.2
270.8 159.2
272.9 155.3
275.3 151.6
277.8 148
280.3 144.6
283.1 141.4
286.1 138.2
289.3 135.1
292.7 132.2
296.1 129.7
299.7 127.3
303.6 124.9
307.3 123
311.4 121.1
315.3 119.6
319.7 118.2
323.8 117.1
327.9 116.1
332.2 115.4
336.7 114.8
341.1 114.4
345.4 114.2
349.7 114.2
354.1 114.3
358.4 114.6
362.7 115.2
367 115.9
371.3 116.8
375.4 117.9
379.7 119.3
383.7 120.9
387.6 122.7
391.6 124.9
395.2 127.1
398.8 129.6
402.2 132.3
405.5 135.2
408.6 138.3
411.6 141.5
414.4 144.8
417.1 148.3
419.6 151.8
421.9 155.3
424.3 159.1
426.5 162.8
428.6 166.7
430.7 170.5
432.7 174.5
434.6 178.4
436.5 182.2
438.4 186.3
440.2 190.3
442 194.4
443.5 198.2
445.1 202.4
446.6 206.7
447.8 210.4
449.1 214.7
450.3 219
451.5 223.4
452.4 227.5
453.2 231.6
454 236
454.7 240.5
455.2 244.6
455.6 249.1
455.8 253.2
456 257.7
456 262.2
455.9 266.7
455.6 270.8
455.2 275.2
454.8 279.3
454.1 283.7
453.3 288.1
452.4 292.4
451.3 296.6
450.1 300.9
448.8 305.1
447.3 309.2
445.7 313.3
444.1 317.3
442.2 321.3
440.5 324.9
438.5 328.7
436.3 332.6
434.1 336.3
431.8 340
429.4 343.7
426.9 347.2
424.3 350.8
421.6 354.2
418.8 357.6
416 360.9
412.9 364.5
410 367.6
407 370.8
403.9 373.8
400.8 376.8
397.6 379.8
394.4 382.7
391.1 385.5
387.8 388.3
384.4 391.1
381 393.7
377.6 396.4
374 399.1
370.5 401.6
366.9 404.1
363.2 406.5
359.5 408.8
355.8 411
351.9 413.1
348.1 415.2
344.1 417.1
340.1 418.9
336.2 420.6
332.2 422.1
328 423.6
323.8 425
319.7 426.2
315.6 427.3
311.2 428.4
307 429.3
302.8 430.1
298.3 430.8
294.1 431.5
289.8 432
285.3 432.5
281.1 432.8
276.8 433.1
272.3 433.4
268.1 433.5
263.6 433.6
259.2 433.7
254.9 433.7
250.5 433.6
246.2 433.5
241.8 433.4
237.5 433.3
233.1 433.1
228.7 433
224.3 432.8
220.1 432.7
215.6 432.5
211.2 432.3
207 432.1
202.5 431.9
198.2 431.7
193.9 431.5
189.5 431.3
185.1 431.1
180.7 430.9
176.4 430.6
172 430.3
167.7 430
163.5 429.7
159 429.2
154.6 428.8
150.3 428.5
146.4 427
147.4 422.8
149.7 419.2
152.3 415.6
154.8 412.1
157.6 408.6
160.2 405.2
162.9 401.8
165.5 398.4
168.2 394.9
170.9 391.5
173.5 388
176.3 384.4
178.9 381
181.5 377.6