196.9 453.2
197.2 449.2
198.3 445.3
201.4 443.1
205.3 444.2
208.6 446.4
211.7 448.9
214.8 451.5
217.9 454
221.3 456
222.8 452.6
222.9 448.6
222.9 444.6
222.8 440.6
222.6 436.7
222.3 432.5
222 428.6
221.5 424.7
220.9 420.5
220.2 416.6
219.5 412.8
218.6 408.9
217.7 404.9
216.7 401
215.8 397.2
214.7 393.2
213.7 389.4
212.7 385.5
211.7 381.6
210.8 377.6
209.8 373.6
209 369.8
208.2 366
207.4 361.8
206.7 358
206 354.2
205.3 350.1
204.7 346.2
204.2 342.3
203.7 338.2
203.2 334.2
202.7 330.2
202.3 326.2
201.9 322.3
201.5 318.4
201.2 314.3
200.9 310.3
200.6 306.4
200.3 302.2
200.1 298.2
199.9 294.3
199.7 290.2
199.5 286.2
199.4 282.2
199.2 278.3
199.1 274.1
198.9 270.1
198.8 266.1
198.7 262.2
198.5 258.3
198.4 254
198.3 250.1
198.2 246.2
198.2 242.1
198.1 238.1
198.1 234.1
198.1 230.1
198.1 226.1
198.2 222.1
198.4 218
198.6 214
198.8 210
199.2 206
199.6 202.2
200.2 198
200.8 194.3
201.7 190.1
202.6 186.3
203.5 182.5
204.6 178.5
205.7 174.8
206.9 170.8
208 167.1
209.1 163.3
210.2 159.4
211.3 155.4
212.5 151.5
213.5 147.7
214.6 143.8
215.6 140
216.6 136.1
217.7 132.2
218.6 128.3
219.5 124.4
220.3 120.5
220.7 116.5
220.4 112.5
219 108.7
216.4 105.6
213.4 103.2
210 100.9
206.5 98.9
203.1 97
199.4 95.2
195.8 93.5
192.1 91.9
188.4 90.4
184.6 88.9
180.8 87.5
177.1 86.2
173.3 84.9
169.5 83.5
165.8 82
168.9 81.5
172.9 81.9
176.8 82.4
180.8 82.8
184.8 83.1
188.9 83.4
192.9 83.5
196.9 83.5
200.9 83.2
204.9 82.8
208.8 82.1
212.7 81.1
216.6 80.1
220.5 79.3
224.5 78.8
228.5 78.9
232.3 80
235.8 81.9
239.2 84
242.5 86.4
243.7 89.9
240.6 92.4
236.9 93.8
232.9 94.2
228.9 93.9
225 93.1
221.1 92
217.3 90.8
213.5 89.4
209.8 87.9
206 86.5
202.3 85
198.7 83.3
196.1 80.5
196.8 76.5
197.8 72.7
199.3 69
201.4 65.5
204.1 62.6
207.4 60.3
211.1 58.6
214.9 57.4
218.8 56.6
222.8 56.2
226.9 56
230.8 56
234.9 56.1
238.8 56.4
242.7 56.8
246.7 57.4
250.7 58.3
254.6 59.2
258.5 60.5
262.2 61.8
265.8 63.4
269.5 65.3
272.9 67.2
276.2 69.4
279.4 71.8
282.7 74.4
285.6 77.1
288.4 79.9
291.1 82.9
293.6 86
296 89.2
298.3 92.5
300.4 95.9
302.4 99.3
304.5 102.9
306.4 106.5
308.1 109.9
309.8 113.5
311.5 117.2
313.1 120.9
314.7 124.7
316.1 128.4
317.6 132.3
318.8 135.8
320.1 139.7
321.3 143.5
322.5 147.4
323.6 151.4
324.6 155.1
325.6 158.9
326.6 162.8
327.5 166.8
328.4 170.8
329.2 174.6
330 178.6
330.7 182.4
331.4 186.4
332.1 190.4
332.7 194.5
333.3 198.5
333.8 202.3
334.3 206.2
334.8 210.2
335.3 214.2
335.8 218.3
336.2 222.3
336.6 226.3
336.9 230.3
337.3 234.2
337.6 238.3
337.9 242.2
338.2 246.3
338.6 250.2
339 254.2
339.4 258.2
339.9 262.2
340.4 266.1
340.9 270.2
341.4 274.1
341.9 278
342.5 282.1
343 286.1
343.4 290
343.8 294
344.1 298.1
344.4 302
344.6 306
345 310
345.3 314
345.6 318
345.9 322
346.1 326.1
346.2 330.1
346.1 334.1
346 338
345.8 342.1
345.4 346.1
345.1 350.1
344.6 354
344.1 358
343.6 362
343 366
342.4 369.9
341.8 373.9
341.1 377.9
340.5 381.8
339.8 385.7
339.1 389.8
338.4 393.7
337.6 397.6
336.9 401.6
336.2 405.5
335.5 409.5
334.7 413.4
333.9 417.3
333.1 421.3
332.3 425.2
331.5 429.1
330.6 433
329.7 436.9
328.6 440.8
327.5 444.6
326.1 448.4
323.7 451.7
320.6 450
318.8 446.5
317.3 442.7
315.9 438.9
314.6 435.2
313.3 431.4
312 427.6
310.8 423.8
309.6 419.9
308.5 416.1
307.3 412.2
306.2 408.4
305.1 404.5
304 400.6
302.9 396.8
301.8 392.9
300.7 389
299.5 385.2
298.3 381.4
297.1 377.5
295.9 373.7
294.6 369.9
293.2 366.2
291.8 362.4
290.4 358.8
288.9 355
287.5 351.3
286.1 347.2
284.9 343.6
283.7 339.8
282.5 336
281.3 332.1
280.2 328.2
279.1 324.6
278 320.5
277 316.7
276 312.9
275 308.8
274 305.1
273.1 301.1
272.2 297.3
271.3 293.3
270.4 289.3
269.6 285.4
268.8 281.4
268 277.5
267.3 273.5
266.6 269.6
265.9 265.7
265.3 261.9
264.6 257.7
264.1 253.8
263.5 250
263 245.7
262.6 241.9
262.2 237.9
261.8 233.9
261.5 229.8
261.2 225.7
261 221.9
260.9 217.8
260.8 214
260.8 209.9
260.9 205.8
261.1 201.7
261.4 198
261.8 193.9
262.4 189.8
263.1 186
264 182
265.2 178.1
266.5 174.4
267.8 170.6
269.1 166.9
270.2 163
271.2 159.1
272.1 155.1
272.5 151.2
272.5 147.2
270.6 143.7
266.8 144.3
263.7 146.8
261.1 149.8
258.8 153.1
256.7 156.5
254.8 160.1
253 163.7
251.2 167.3
249.4 170.9
247.7 174.4
245.7 178
243 177.9
241.4 174.3
240.2 170.4
239.5 166.5
239.2 162.4
239.3 158.4
239.7 154.5
240.5 150.6
241.6 146.7
243 142.9
244.6 139.2
246.4 135.6
248.4 132.2
250.6 128.9
253 125.7
255.6 122.5
258.3 119.5
261.1 116.8
264.3 114.2
267.6 112
271.3 110.2
275.2 109.3
279.1 109.5
282.6 111.3
285.5 114.1
287.5 117.5
289 121.3
290.2 125.2
291 129.1