312.6 249.8
310.9 246.6
311.3 242.8
312.3 239.2
313.3 235.6
314.2 231.9
314.8 228.2
315.2 224.5
315.3 220.7
315.2 217
314.9 213.1
314.5 209.5
314 205.7
313.2 202
312.2 198.3
311.1 194.8
309.7 191.3
308.2 187.9
306.3 184.4
304.4 181.3
302.4 178.2
300.1 175.1
297.7 172.2
295.2 169.3
292.8 166.7
290.2 163.9
287.6 161.2
284.9 158.4
282.3 155.7
279.8 152.9
277.3 150
275.1 147.2
272.8 143.9
270.8 140.8
269.1 137.5
267.6 134
266.4 130.5
265.5 126.8
264.9 123.1
264.5 119.3
264.4 115.5
264.5 111.8
264.5 108.1
264.4 104.3
264.1 100.5
263.6 96.8
262.8 93.1
261.7 89.5
260.2 86.1
258.2 82.9
255.7 80.1
252.6 78
249 76.8
245.2 76.7
241.5 77.4
237.8 77.6
234.2 76.6
230.7 75.2
227 74.7
223.3 75.2
219.7 76.4
216.3 77.9
213 79.8
209.8 81.8
206.8 83.9
203.7 86.2
200.7 88.5
197.7 90.7
194.7 93
191.5 95.1
188.1 96.5
184.4 96.1
180.9 94.7
181.1 92.1
184.5 90.6
187 87.9
187.2 84.2
189.4 81.5
193.1 81.3
196.9 80.6
200.4 79.5
203.9 78
207.2 76.2
210.4 74.4
213.7 72.3
216.8 70.3
220 68.3
223.2 66.3
226.4 64.4
229.7 62.6
233.1 60.9
236.5 59.4
240 58.1
243.8 57
247.4 56.3
251.2 56
254.9 56
258.7 56.4
262.4 57.1
265.9 58.3
269.3 59.9
272.5 61.9
275.4 64.3
277.9 67.1
280.2 70.1
282 73.4
283.6 76.8
284.8 80.4
285.7 84
286.3 87.7
286.9 91.5
287.5 95.2
288.3 98.9
289.1 102.5
290.2 106.2
291.5 109.7
293.2 113.1
295.2 116.2
297.2 119.4
297.9 123.1
297.5 126.8
296.6 130.5
295.7 134.1
294.7 137.8
293.9 141.5
293.2 145.2
292.9 148.9
292.9 152.7
293.8 156.3
295.8 159.5
298.9 161.5
302.6 162.3
306.3 162.3
310.1 161.8
313.7 160.8
316.8 158.7
318.3 155.3
318.5 151.5
317.8 147.9
315.8 144.7
312.9 142.2
309.6 140.4
306.1 139.1
302.4 138.3
298.7 137.7
295 137.5
291.2 137.5
287.4 137.5
283.7 137.6
279.9 137.6
276.2 137.4
272.4 137
268.7 136.3
265.1 135.1
261.7 133.5
258.7 131.4
256 128.8
253.6 125.8
251.7 122.5
250.1 119.1
248.5 115.7
246.7 112.4
243.9 110.1
240.9 112.2
238.9 115.3
236.5 118
234.3 114.9
231.6 112.4
228.6 114.1
225.8 116.6
222.1 116.2
219.1 118.4
215.9 120.4
212.7 122.2
212.3 125.9
213 129.6
214.5 133.1
216.8 136
219.8 138.3
223.3 139.7
227 140.3
230.7 140.2
234.5 139.7
238.2 139.3
242 138.8
245.7 138.5
249.5 138.2
253.2 138.4
256.8 139.6
260 141.5
262.8 144
265 147.1
266.1 150.6
266.3 154.4
266 158.1
264.9 161.8
263.3 165.1
261 168.1
258.1 170.6
255 172.6
251.7 174.5
248.3 176.1
244.8 177.5
241.2 178.6
237.5 179.3
233.8 179.5
230.1 180
226.4 181
222.9 182.5
219.6 184.2
216.4 186.2
213.3 188.3
210.1 190.3
206.9 192.2
203.7 194.2
200.5 196.4
197.6 198.7
194.8 201.1
192.1 203.8
189.7 206.7
187.4 209.7
185.2 212.7
182.6 215.4
179.7 217.9
176.7 220.1
173.5 222.2
170.3 224.1
167 225.9
163.7 227.6
160.2 229.2
156.7 230.6
153.2 231.8
149.5 232.9
145.8 233.5
142.2 232.8
142.3 231.9
146 232.8
149.6 231.9
149.2 228.9
151 226.2
154.1 224
157.6 223.1
161.3 222.5
164.9 221.2
168 219.1
170.3 216.1
172.3 213
173.8 209.5
174.8 205.9
175.8 202.3
177.2 198.8
179.3 195.6
182.2 193.3
184.9 190.7
186.7 187.4
188.6 184.1
190.9 181.2
193.6 178.6
196.6 176.3
199.8 174.3
203.1 172.6
206.6 171
210.1 169.7
213.7 168.7
217.4 167.7
220.9 166.4
224.3 164.9
227.6 163
230.4 160.5
233.2 158
236.1 155.6
239.2 153.5
242.4 151.5
245.8 149.9
249.4 148.8
253.2 148.5
256.9 148.8
260.6 149.7
263.9 151.4
266.6 154
268.4 157.3
269.3 161
269.4 164.7
269.1 168.5
269.1 172.2
269.3 176
270.1 179.7
271.6 183.1
274.4 185.6
278 186.5
281.7 185.9
284.6 183.5
286.3 180.2
287 176.6
286.7 172.8
285.1 169.4
282.4 166.9
278.9 165.5
275.1 165.2
271.4 165.7
267.9 167.1
264.9 169.2
262.5 172.2
261.1 175.6
260.4 179.3
260.3 183.1
260.6 186.9
261.4 190.6
262.7 194.1
264.4 197.4
266.5 200.6
268.8 203.5
271.3 206.4
273.8 209.2
276.1 212.2
278 215.5
279.2 219
279.6 222.7
279.3 226.5
278.5 230.1
277.5 233.8
276.4 237.4
275.7 241.1
275.5 244.8
276.1 248.5
277.5 252
279.6 255.1
282.4 257.7
285.6 259.6
289.1 261
292.7 262.1
296.2 263.4
299.3 265.5
301.5 268.6
302.6 272.2
302.8 275.9
303.3 279.7
305.3 282.8
308.5 284.6
312.2 283.9
315.3 282
318.2 279.5
320.9 276.9
323.5 274.1
326.1 271.4
328.7 268.6
331.3 266
334.1 263.5
337.3 261.5
341 261.4
344.6 262.5
348.1 264.2
351.1 266.3
353.8 268.8
356.3 271.8
358.4 274.9
360.2 278.1
361.8 281.6
363.1 285.1
364.2 288.7
365.1 292.3
365.8 296.1
366.2 299.7
366.4 303.5
366.3 307.3
365.8 311
364.5 314.6
363.5 318.2
362.6 321.8
361.8 325.5
361.5 329.3
361.9 333
362.9 336.6
364.1 340.2
365.6 343.7
367.1 347.1
368.5 350.6
369.6 354.2
370.3 357.9
370.3 361.7
369.1 365.2
367.2 368.5
364.9 371.4
362.2 374.1
359.3 376.5
356 378.3
352.6 379.7
349 381.1
345.6 382.5
342.2 384.3
339.2 386.5
336.7 389.3
334.6 392.4
332.8 395.7
331 399
329.2 402.4
327.5 405.7
325.6 408.9
323.6 412.2
321.3 415.1
318.7 417.8
316 420.4
313.1 422.9
310.1 425.2
307.1 427.4
303.9 429.5
300.7 431.4
297.5 433.5
294.4 435.5
291.3 437.6
288.3 439.9
285.7 442.6
284.4 446.2
284.5 449.8
286.2 453.1
285.9 455.8
282.1 456
278.4 456
275.7 454.6
275.4 451
273 448.1
272.8 444.4
274.7 441.1
277.3 438.4
279.7 435.5
281.4 432.2
282.7 428.7
283.9 425.1
285.4 421.7
287.3 418.4
289.6 415.4
292 412.6
294.6 409.8
297.2 407.1
299.8 404.4
302.4 401.6
305 398.9
307.4 396.1
309.7 393
311.5 389.7
312.9 386.2
313.9 382.6
314.6 378.9
315.2 375.2
315.9 371.5
316.8 367.8
318 364.2
319.5 360.8
321.5 357.6
324 354.9
326.7 352.2
329.2 349.4
331.2 346.2
332.5 342.7
333.2 339
333.6 335.2
333.6 331.4
333.2 327.7
332 324.2
330.5 320.7
329.7 317
329.6 313.3
329.9 309.5
330.6 305.8
331.8 302.2
333.1 298.7
333.4 295
332.7 291.3
331.7 287.7
328.9 286.1
325.7 288.1
322.7 290.4
319.8 292.7
316.9 295.1
314 297.5
311.1 299.9
308.3 302.4
305.6 305
302.9 307.7
300.3 310.4
297.6 313
294.6 315.4
291.6 317.6
288.4 319.6
285.2 321.5
281.8 323.4
278.6 325.2
275.2 327
271.9 328.7
268.5 330.3
265.1 331.8
261.6 333.3
258.2 334.7
254.6 336
251 337.2
247.4 338.2
243.8 339.1
240.1 339.9
236.3 340.6
232.6 341
228.8 341.3
225.1 341.4
221.4 341.4
217.6 341.3
213.8 341
210 340.8
206.3 340.7
202.5 340.7
198.8 341.1
195.2 342.2
191.5 343.2
187.8 343.8
184.1 343.8
180.3 343.4
176.6 342.6
173 341.8
169.3 340.9
165.6 340.3
161.9 340.2
158.2 341
154.9 342.9
152.3 345.6
150.2 348.7
147.8 351.6
144.2 352.4
141.7 350.1
144 347.1
146.6 344.6
146.3 340.9
145.7 337.2
146.5 333.6
148.5 330.4
152.1 329.9
155.7 330.8
157.6 327.8
160 325.1
163.7 325.1
167.2 326.2
170.8 327.6
174.4 328.7
178 329.7
181.7 330.2
185.5 330.5
189.3 330.3
193 329.9
196.7 329.2
200.4 328.3
204 327.4
207.6 326.2
211.1 325.1
214.7 323.8
218.2 322.3
221.6 320.8
225 319.2
228.4 317.5
231.7 315.6
234.8 313.6
237.8 311.4
240.7 308.9
243.4 306.4
246.1 303.6
248.5 300.8
250.9 297.8
253.2 294.8
255.3 291.8
257.4 288.7
259.6 285.5
261.6 282.3
263.7 279.2
265.9 276.2
268.2 273.2
270.7 270.4
273.5 267.9
276.6 265.7