220.3 194.2
217.6 192.4
215.2 190.1
213.1 187.6
211.1 184.9
209.4 182.1
207.8 179.2
206.4 176.2
205.2 173.1
204.1 170
203.3 166.8
202.6 163.6
202.1 160.3
201.7 157
201.6 153.7
201.6 150.4
201.5 147.1
201.3 143.8
200.7 140.6
199.7 137.4
198.5 134.3
197.2 131.3
195.9 128.3
194.3 125.4
192.4 122.6
190.2 120.2
188 117.7
185.9 115.2
184 112.5
182.2 109.7
180.5 106.9
179 103.9
177.7 100.9
176.5 97.8
175.6 94.6
174.8 91.4
174.3 88.1
174.1 84.8
174.1 81.5
174.5 78.3
175.2 75
176.3 71.9
177.8 69
179.8 66.3
182.1 63.9
184.7 61.9
187.5 60.2
190.5 58.8
193.6 57.8
196.8 57
200.1 56.5
203.4 56.1
206.7 56
210 56
213.3 56.1
216.6 56.2
219.9 56.4
223.2 56.6
226.5 56.8
229.8 57.3
231.1 59.7
231.2 62.9
230 65.9
227.8 67.4
224.6 66.4
221.3 66
218 65.9
214.7 65.8
211.4 65.9
208.1 66.1
204.8 66.4
201.6 67
198.4 67.9
195.4 69.2
192.6 71
190.3 73.3
188.6 76.2
187.6 79.3
187.2 82.6
187.4 85.9
188.3 89
189.7 92
191.6 94.8
193.6 97.3
195.9 99.8
198.2 102.1
200.6 104.4
203 106.7
205.3 109
207.6 111.4
209.6 114
211.3 116.9
212.4 120
213.1 123.2
213.5 126.5
213.7 129.8
213.8 133.1
214 136.4
214.2 139.7
214.6 143
215.4 146.2
216.9 149.1
219.2 151.5
221.4 154
223.4 156.6
225.3 159.3
227.1 162.1
228.8 164.9
230.4 167.8
231.9 170.7
233.4 173.7
234.9 176.7
236.3 179.6
237.8 182.6
239.6 185.3
241.8 187.8
244.7 189.4
248 189.4
251.1 188.2
254 186.7
256.7 184.8
258.9 182.3
260.5 179.5
261.6 176.3
262.5 173.2
263.5 170
264.7 166.9
266.3 164.1
268.5 161.6
271.3 159.9
274.5 159.4
277.8 159.7
281.1 160.3
284.2 161.4
287.2 162.8
290.1 164.4
292.8 166.3
295.4 168.4
297.8 170.6
300 173.1
302 175.7
304 178.3
305.9 181
307.6 183.8
309.2 186.7
310.7 189.7
312 192.7
313.2 195.8
314.1 199
314.9 202.2
315.5 205.4
316.1 208.7
316.7 212
317.4 215.2
318.6 218.3
320.3 221.1
322.5 223.5
325.1 225.6
327.9 227.4
330.4 229.5
332.5 232
334.1 234.9
335 238.1
335.4 241.4
335.5 244.7
335.4 248
335.2 251.3
335 254.6
334.6 257.9
334 261.1
333.3 264.4
332.4 267.5
331.3 270.7
330.1 273.7
328.8 276.8
327.6 279.9
326.7 283
326.2 286.3
326.1 289.6
326.4 292.9
327 296.1
328 299.3
328.2 302.5
325.4 301.9
323.2 299.5
323.1 296.2
320.9 294.2
319.7 291.3
319.7 288
319.7 284.7
319.9 281.4
320.1 278.1
320.1 274.8
320 271.5
319.7 268.2
319.6 264.9
319.4 261.6
318.9 258.3
318.2 255.1
317.2 252
315.9 248.9
314.3 246
312.5 243.2
310.5 240.6
308.3 238.1
306.1 235.7
303.7 233.4
301.4 231
299.2 228.6
297.1 226
295.2 223.3
293.5 220.5
292.1 217.5
291.1 214.3
290.3 211.1
289.7 207.9
289 204.6
288.2 201.5
287.1 198.3
285.8 195.3
284.2 192.4
282.3 189.7
280 187.3
277.6 185.1
275.1 182.9
272.6 180.8
270.1 178.5
267.8 176.3
265.5 173.9
263 171.7
260.4 169.7
257.7 167.7
255 165.9
252.2 164.1
249.3 162.4
246.5 160.8
243.5 159.2
240.5 157.8
237.5 156.5
234.4 155.5
231.2 154.6
227.9 154.2
224.6 154.2
221.3 154.6
218.2 155.7
215.6 157.8
214.1 160.6
213.8 163.9
214.7 167.1
216.4 169.9
218.8 172.2
221.8 173.5
224.6 175.3
226.3 178
226.9 181.3
226.8 184.6
226.3 187.8
225.4 191
224 194
222.1 196.7
220.1 199.3
218.1 202
216.3 204.7
214.9 207.8
214.1 211
213.8 214.2
213.8 217.6
213.7 220.9
213.4 224.1
212.8 227.4
212 230.6
210.9 233.7
209.8 236.9
209.1 240.1
208.8 243.4
209.1 246.7
209.8 249.9
210.8 253
212 256.1
213.3 259.2
214.7 262.2
216 265.2
217.3 268.2
218.4 271.3
219.4 274.5
220.2 277.7
220.8 281
221 284.3
220.9 287.6
220.5 290.8
219.7 294
218.8 297.2
217.7 300.3
216.8 303.5
216 306.7
215.4 310
215.1 313.3
215 316.6
215.2 319.9
215.4 323.2
215.9 326.4
216.5 329.7
217.3 332.9
218.3 336.1
219.4 339.2
220.7 342.2
222.1 345.2
223.6 348.1
225.2 351
227 353.8
228.7 356.6
230.5 359.4
232.3 362.2
234 365
235.7 367.8
237.3 370.7
238.7 373.7
239.9 376.8
240.8 380
241.4 383.2
241.7 386.5
241.7 389.8
241.5 393.1
241.1 396.4
240.3 399.6
239.3 402.8
238.4 406
238 409.2
238.2 412.5
238.6 415.8
239.3 419
240.2 422.2
241.3 425.3
242.4 428.4
243.4 431.6
243.9 434.9
243.9 438.2
243.8 441.5
243.4 444.8
242.6 447.9
240.6 450.5
237.9 452.5
238.9 455.1
242 456
244.3 453.8
246.7 452.7
248.5 455.4
251.4 454.6
253.6 452.1
255.9 449.8
257.7 447.1
256.4 444.1
254.3 441.6
253 438.7
253.5 435.4
254.3 432.2
254.9 429
255.5 425.7
256 422.4
256.4 419.2
256.7 415.9
256.8 412.6
256.8 409.3
256.5 406
256.6 402.7
257.7 399.5
258.6 396.4
259.3 393.2
259.9 389.9
260.2 386.6
260.3 383.3
260.3 380
260.2 376.7
259.9 373.4
259.4 370.1
258.8 366.9
258 363.7
257.1 360.5
256 357.4
254.7 354.3
253.3 351.3
251.7 348.5
250 345.6
248.4 342.7
246.8 339.8
245.2 336.9
243.8 333.9
242.3 331
241 327.9
239.7 324.9
238.6 321.8
237.5 318.6
236.6 315.5
235.8 312.3
235.1 309
234.7 305.8
234.4 302.5
234.4 299.2
234.6 295.9
235.2 292.6
236.1 289.4
237 286.2
238 283.1
239.3 280
240.7 277.1
242.4 274.2
244.4 271.6
246.9 269.4
249.8 267.8
253 267.2
256.3 267.2
259.6 267.7
262.8 268.5
265.8 269.8
268.7 271.4
271.4 273.3
273.7 275.6
275.8 278.2
277.6 281
279.2 283.9
280.4 287
281.4 290.1
282.1 293.3
282.5 296.6
282.6 299.9
282.8 303.2
282.8 306.5
282.6 309.8
282.3 313.1
281.8 316.4
281.1 319.6
280.2 322.8
279.1 325.9
278.2 329.1
277.5 332.3
277 335.6
276.7 338.9
276.8 342.2
277.3 345.5
278.2 348.6
279.6 351.6
281.5 354.3
283.8 356.7
286.5 358.6
289.5 360
292.6 361.3
295.6 362.5
298.7 363.8
301.6 365.3
304.3 367.3
306.4 369.8
308 372.7
309.2 375.7
310.1 378.9
311 382.1
311.6 385.3
312.1 388.6
312.4 391.9
312.3 395.2
312.2 398.5
312.6 401.8
313.5 405
315.2 407.8
317.5 410.2
320.3 411.9
323.3 413.3
326.4 414.5
329.4 415.7
332.5 417
335.4 418.6
336.9 421.3
336.4 424.5
336 427.7
337.5 430.6
337.7 433.8
334.5 433.9
331.3 434
329.2 431.5
326.3 432
323.5 432.1
321.6 429.3
319.6 426.7
317.4 424.3
314.9 422.1
312.1 420.3
309.2 418.7
306.2 417.3
303.2 415.9
300.4 414.2
297.7 412.2
295.3 410
293 407.6
291 405
289.1 402.3
287.3 399.5
285.6 396.7
284.2 393.7
282.8 390.7
281.5 387.7
280.1 384.7
278.7 381.7
277.3 378.7
275.9 375.7
274.5 372.7
273.1 369.7
271.7 366.7
270.3 363.7
268.9 360.7
267.5 357.7
266.1 354.7
264.7 351.7
263.3 348.7
261.9 345.7
260.4 342.8
259 339.8
257.6 336.8
256.2 333.8
254.7 330.8
253.3 327.8
251.9 324.9
250.5 321.9
249.1 318.9
247.6 315.9
246.2 312.9
244.8 309.9
243.4 306.9
242 303.9
240.7 300.9
239.3 297.9
237.9 294.9
236.6 291.9
235.3 288.8
234.1 285.8
232.8 282.7
231.7 279.6
230.5 276.5
229.5 273.3
228.6 270.2
227.8 267
227.2 263.7
226.8 260.4
226.5 257.1
226.6 253.8
227.3 250.6
229.5 248.2
232.5 248.5
231.6 251.2
228.5 251.1
226.2 248.8
224.9 245.7
224.8 242.5
225.6 239.3
226.9 236.2
228.3 233.2
229.6 230.2
230.9 227.1
232.1 224.1
233.2 220.9
234.2 217.8
235 214.6
235.7 211.3
236.1 208.1
236.2 204.8
236.2 201.5
236 198.2
235.8 194.9
235.8 191.6
235.9 188.3
236.2 185
236.7 181.7
237.5 178.5
238.5 175.3
239.7 172.3
241.2 169.3
243 166.5
245.1 163.9
247.3 161.6
249.9 159.5
252.7 157.7
255.5 156
258.3 154.2
260.8 152
262.7 149.3
264.1 146.3
265 143.2
265.7 139.9
266.5 136.7
267.4 133.5
268.5 130.4
269.8 127.4
271.6 124.6
274 122.3
276.9 120.8
280.1 120.1
283.4 120
286.7 120.4
289.8 121.4
292.4 123.4
293.9 126.3
294.3 129.6
294.3 132.9
294 136.2
293.3 139.4
292.1 142.5
290.4 145.3
288.2 147.7
285.3 149.4
282.1 149.5
279 148.3
276.7 146
277.7 143.1
278.4 140.1
277.8 137.1
280.4 135.1
281.6 132.3
283.2 129.6